-0.02524
-0.20325
0.55533
-0.70480
0.28440
-0.19901
0.31067
0.17402
0.17026
-0.03782
-0.19952
0.07995
-0.08992
-0.16024
0.07035
-0.05378
-0.10030
-0.07286
-0.05952
-0.01391
-0.08269
-0.06082
-0.00177
-0.02163
0.04291
0.06826
0.01231
0.05082
0.02849
0.00486
0.05502
0.04793
0.07392
0.05846
0.05930
0.05728
0.01399
0.01940
0.01491
0.00363
0.02249
0.03629
0.01772
0.02734
0.03690
0.02764
0.01145
-0.00854
0.00657
-0.01143
-0.02470
0.00888
0.00594
0.00540
0.00475
0.01112
0.00737
0.00608
0.00196
0.00188
-0.00497
-0.00679
-0.00347
-0.00386
-0.00034
-0.01764
-0.01222
-0.00334
-0.02450
-0.01125
-0.01811
-0.00481
-0.01023
-0.00599
0.00113
0.00313
0.00097
-0.00185
0.00164
0.00136
-0.00460
-0.00016
-0.00529
-0.00663
-0.01589
-0.00595
-0.01745
-0.01720
-0.02138
-0.01687
-0.02701
-0.02028
-0.01898
-0.02150
-0.01735
-0.02491
-0.01589
-0.00662
-0.01601
-0.01211
-0.01015
-0.01130
-0.01331
-0.00559
-0.01038
-0.00230
-0.00719
-0.00755
-0.00948
-0.00868
-0.00596
-0.00805
-0.01215
-0.00455
-0.01417
-0.01406
-0.01222
-0.01388
-0.01363
-0.01235
-0.01198
-0.00486
-0.00671
-0.00987
-0.00199
-0.00655
-0.00777
-0.00656
-0.00753
-0.00310
-0.00650
-0.00517
-0.00592
-0.00293
-0.00751
-0.00137
0.00556
-0.00451
0.00141
0.00016
0.00190
0.00293
0.00593
-0.00017
0.00545
0.00550
0.00120
0.00539
0.00610
0.00556
0.00781
0.00252
0.01226
0.00511
0.00749
0.00168
0.00457
0.00256
0.00503
0.00442
0.00176
-0.00374
-0.00001
0.00129
-0.00115
0.00461
0.00068
0.00088
0.01045
-0.00010
0.00008
-0.00078
0.00308
-0.00374
-0.00110
-0.00018
0.00741
0.00151
0.00479
0.01135
0.00782
0.01193
0.00302
0.00644
0.00875
0.00009
0.01406
0.00705
0.00405
0.01197
0.01489
0.00797
0.00577
0.00548
0.01325
0.00955
0.00575
0.01457
0.01573
0.00572
0.00825
0.00427
0.01333
0.01233
0.00362
0.00695
0.01229
0.01270
0.01298
0.01711
0.01868
0.00567
0.00437
0.01258
0.00731
0.00997
0.00209
0.01290
0.01481
0.00345
0.01364
0.02146
0.00502
0.00350
0.01029
0.01083
0.00882
0.00547
0.01474
0.00761
0.01314
-0.00025
0.00610
0.01353
0.00013
0.00100
0.01050
0.00913
0.00197
0.00719
0.01111
0.01461
0.00667
-0.00136
0.01097
0.00927
0.00423
0.00365
0.00604
0.00728
0.00582
0.00699
0.01112
0.00670
0.01071
0.00747
0.00465
0.01475
0.01025
0.00181
0.01021
0.00821
0.00125
0.01304
-0.00209
0.01072
0.00455
0.00506
0.00460
0.01152
-0.00162
0.00726
0.00317
0.00998
0.00068
0.01535
-0.00420
0.00551
0.00201
0.00410
0.00478
-0.00286
0.00926
-0.00307
-0.00265
0.00404
0.01769
-0.00120
-0.00268
0.01010
0.00311
0.00004
-0.00706
0.02039
-0.00740
-0.00968
0.00406
0.00991
0.01209
-0.00862
-0.00178
0.01012
-0.00587
-0.01289
0.00750
0.01684
-0.01088
-0.00246
-0.00340
0.01960
-0.00629
-0.00856
0.00566
-0.00493
-0.00558
-0.00352
0.01019
0.01546
-0.01259
0.00294
0.00362
-0.00191
0.00128
0.00125
0.00015
0.00532
-0.00559
0.01033
-0.00302
-0.00426
0.00084
0.00517
0.00659
0.00288
-0.00226
0.01146
-0.00380
0.00662
-0.00049
-0.00045
-0.00038
-0.01222
0.00012
0.00784
-0.00176
0.00822
0.00547
0.00344
-0.00055
0.00511
0.00472
0.00136
-0.00237
0.00612
0.00508
0.00100
-0.00398
0.00315
0.00394
-0.00594
0.00319
0.00489
0.00580
0.00427
0.00266
0.01225
0.00473
0.00408
0.00288
-0.00415
0.01222
-0.00064
0.00166
0.00903
0.00564
0.00309
0.00786
0.00583
0.00353
0.00083
0.00821
0.00411
-0.00063
0.00581
0.00007
0.00552
0.01181
-0.01076
0.01520
0.00275
-0.00324
0.00845
0.00896
0.00085
0.00501
0.00629
0.00273
0.00261
0.01144
0.00210
0.00118
0.00725
0.00446
-0.01131
0.01788
-0.00791
0.00870
0.00720
-0.00665
0.01067
-0.00202
0.00064
0.00968
0.00350
-0.00240
0.00544
0.00186
-0.00170
0.00834
-0.00446
0.01390
0.00173
0.00598
-0.00309
0.00307
0.01080
-0.00957
0.00560
0.00152
-0.00361
0.00336
-0.00223
0.00719
0.00447
-0.00392
-0.00339
0.01971
0.00032
0.01010
0.00785
0.00237
0.00328
0.00359
0.01066
-0.00276
0.00826
0.00997
-0.00298
0.01992
-0.00060
-0.00351
0.00994
0.01185
-0.00654
0.01231
0.00136
0.00874
0.01289
-0.00234
0.02019
0.00465
0.00193
0.00786
0.00869
0.01779
-0.00986
0.01619
0.00725
0.00472
0.00331
0.01493
-0.00376
0.01873
0.00203
-0.00154
0.02019
-0.00494
-0.00278
0.01725
-0.00541
0.01857
-0.01508
0.02307
0.00519
0.00408
-0.00092
0.01218
0.01051
0.00525
-0.00684
0.02203
0.00228
-0.00465
0.00108
0.00168
-0.00558
0.02391
-0.01425
0.01615
0.00921
0.00119
-0.00364
0.01645
-0.00140
0.00053
-0.01175
0.00238
0.00844
-0.00644
0.00015
0.01980
-0.01446
-0.01475
0.07344
-0.07512
0.00883
0.04522
-0.04173
-0.01712
-0.00769
-0.00107
0.02002
0.03693
-0.00589
0.00862
0.01481
-0.01456
-0.01332
0.00438
-0.04262
-0.02171
-0.00828
0.01824
-0.00943
0.00080
0.02965
0.00956
-0.01232
0.01391
-0.00071
-0.00523
0.00338
0.00122
-0.01205
0.01613
-0.00877
0.01421
-0.00779
-0.00052
-0.01098
-0.00339
-0.00703
-0.01217
0.00328
-0.00873
-0.00990
0.00133
-0.02373
0.00410
-0.00457
-0.00705
-0.01284
0.01316
-0.01677
-0.00224
0.00065
-0.00391
-0.01030
-0.00130
-0.00407
-0.00952
-0.00598
0.00658
-0.01836
0.00615
-0.01964
0.00215
0.00235
-0.00926
-0.00507
0.01368
-0.01560
-0.00233
0.00640
-0.00221
-0.00514
-0.00027
-0.00808
0.01195
-0.00512
0.00682
-0.01704
-0.00342
-0.01520
-0.00268
0.01281
-0.00393
-0.01360
-0.00775
-0.01401
-0.00446
0.00239
-0.00318
-0.01142
-0.00515
-0.02509
0.00614
-0.00257
0.00094
0.00088
-0.01642
-0.01478
-0.01128
0.00477
0.00227
0.00130
0.00778
-0.01090
-0.01905
-0.00586
-0.00027
-0.00603
0.00792
-0.00774
-0.00496
-0.00239
-0.02056
-0.00140
-0.00496
-0.00483
0.00492
0.00784
0.00042
-0.01086
-0.00451
-0.00953
-0.00504
-0.00149
-0.00118
0.00344
0.00273
-0.00446
-0.00511
0.00272
-0.00790
-0.01066
0.00250
0.00480
0.00431
-0.00376
0.00315
-0.01779
-0.00749
-0.01371
0.00031
0.02065
0.00714
0.00358
0.01954
-0.00914
-0.00551
-0.01449
-0.00212
-0.01918
0.00619
0.00540
0.02692
0.01650
-0.00074
-0.00817
-0.00544
-0.02263
-0.01486
-0.01162
0.00910
0.00914
0.01500
0.01208
0.01935
-0.00865
-0.00726
-0.02359
0.00446
-0.01798
0.00232
0.00704
0.02269
0.00160
0.01734
-0.00217
0.00293
-0.01210
-0.00930
-0.01523
0.00430
-0.01220
0.01000
0.00051
0.01631
-0.00344
0.01279
-0.00161
0.01014
-0.00117
-0.00149
-0.00475
0.01552
-0.01514
0.00284
-0.01205
0.00610
-0.00692
-0.00201
-0.00443
0.01212
-0.01087
0.02135
0.00145
0.02424
-0.00849
0.00746
-0.01538
0.01273
-0.03512
0.01027
-0.02521
0.01380
-0.01706
0.02981
-0.01912
0.04202
-0.03314
0.04154
-0.02557
0.01824
-0.01875
-0.00015
0.00059
-0.01187
0.01279
-0.03316
0.01763
-0.03172
0.01780
0.00052
-0.02076
0.03602
-0.03512
0.04153
-0.02640
0.01194
0.01426
-0.02284
0.02367
-0.03300
0.00020
0.00918
-0.04831
0.02348
-0.01668
-0.01621
0.02521
-0.02353
0.00567
0.02042
-0.02947
0.02586
-0.00648
-0.00528
0.01722
-0.02098
0.00865
0.00761
-0.00624
0.00400
-0.00954
0.00603
-0.01730
-0.00075
0.00517
-0.01308
-0.00760
0.00791
-0.01246
0.00069
0.00563
-0.01581
-0.00545
0.00559
-0.00243
-0.00627
-0.00229
0.01912
-0.00942
-0.00418
0.01990
0.00672
-0.01140
0.00507
0.00803
-0.01600
-0.02381
0.00735
-0.00234
-0.02362
-0.01532
0.01647
-0.00854
-0.01593
-0.00731
0.01242
-0.01514
-0.01332
0.01617
0.01825
-0.00351
-0.01038
-0.00240
0.01717
-0.00899
-0.00909
0.00017
0.01602
0.00030
-0.01128
-0.00432
0.01549
-0.01320
-0.00829
-0.01286
0.00268
0.00321
-0.01210
-0.01148
0.01040
-0.00343
0.00437
-0.00550
0.00340
-0.00176
0.00950
-0.00129
0.01488
-0.00566
-0.00063
-0.00814
0.00941
0.00038
-0.00262
-0.01323
0.00650
0.00010
0.01163
-0.00961
0.00075
-0.00983
0.01635
-0.00215
0.01434
-0.00747
0.00454
-0.00007
0.01294
0.00300
0.01368
-0.00775
0.00341
-0.00163
0.01769
-0.00563
0.01034
-0.01646
0.00631
-0.00453
0.01343
-0.00541
0.00306
-0.00700
0.00069
0.00175
0.01244
-0.00460
0.00654
-0.00704
0.01319
-0.00122
0.01685
-0.00335
0.01161
0.00001
0.00996
0.00150
0.01420
0.00393
0.00677
0.00137
0.01801
0.00733
0.01118
0.00246
0.01548
0.00079
0.01523
0.00220
0.01211
-0.00311
0.01332
-0.00385
0.01560
-0.00029
0.00344
0.00313
0.01557
-0.00263
0.01196
-0.00459
0.01440
-0.00893
0.01403
-0.00440
0.01614
-0.00937
0.00841
0.00261
0.01200
-0.00221
0.01154
0.00870
0.01275
-0.00914
0.02325
-0.00319
0.01214
-0.00872
0.01767
0.00004
0.00369
-0.00082
0.01468
0.00722
0.00831
0.00373
0.01508
-0.01385
0.01699
-0.00798
0.02287
-0.00071
0.01622
-0.00434
0.01963
-0.00644
0.00832
-0.00525
0.01144
-0.00787
0.01603
-0.00957
0.02012
-0.00563
0.02089
-0.00683
0.02026
-0.00798
0.01568
-0.00484
0.01943
-0.00727
0.01758
-0.00409
0.01604
-0.00904
0.01697
-0.01077
0.01900
-0.00942
0.01736
-0.00604
0.01305
-0.01004
0.01565
-0.00993
0.00471
-0.00841
0.00968
-0.00742
0.00055
0.00047
0.00405
0.00171
-0.00592
0.00276
-0.00530
0.00775
-0.01283
0.01393
-0.00963
0.01558
-0.01934
0.02046
-0.01793
0.01797
-0.01776
0.01459
-0.00684
0.00753
-0.00550
0.00640
0.00616
-0.00554
0.00317
-0.00235
0.00978
-0.00298
0.00524
0.00450
-0.00370
0.00902
-0.00999
0.01747
-0.01781
0.01629
-0.02156
0.01709
-0.00385
-0.00050
0.00772
-0.00579
0.00158
0.00161
-0.00167
0.00087
-0.00342
0.00666
-0.01195
0.01393
-0.01094
0.02200
-0.00572
0.00228
0.00255
-0.00349
-0.00106
-0.00275
0.00171
-0.00061
-0.01511
0.01017
-0.00894
0.01307
-0.01547
0.00857
0.00102
-0.01117
0.00672
-0.01625
0.00410
0.00129
-0.01585
0.00938
-0.01322
0.00864
-0.00683
-0.00463
0.00528
-0.01142
0.00257
-0.00469
-0.00540
0.00168
-0.01484
-0.00364
-0.00841
-0.00381
-0.00271
-0.01134
-0.00546
0.00295
-0.00494
0.00546
-0.01223
-0.00264
-0.00475
-0.01281
0.00459
-0.00113
-0.00733
0.00588
-0.01896
0.00560
-0.00516
-0.00975
-0.00529
-0.00619
-0.01122
-0.00595
-0.00555
0.00875
-0.00917
-0.01661
0.00084
-0.00345
-0.01043
0.00371
-0.00362
0.00097
-0.00985
-0.01209
0.01493
-0.00370
-0.00490
-0.00133
-0.00077
0.00050
-0.00693
-0.00507
0.01541
-0.00925
-0.00853
-0.00547
0.00902
-0.00450
0.00404
0.00658
0.01106
-0.01035
0.00209
-0.00281
0.00846
0.00349
0.00937
-0.00141
0.00277
0.00033
0.01017
0.00255
0.00827
-0.00393
0.00230
-0.00238
0.00802
0.00253
0.00582
-0.00621
0.00743
-0.00542
0.00490
0.00701
0.00405
-0.00718
0.00267
-0.00554
0.01445
-0.00204
0.01097
0.00482
0.00201
0.00303
0.00696
-0.00936
0.01198
-0.01882
0.00864
-0.00040
0.00232
0.00151
-0.00015
-0.01186
0.00532
-0.01217
0.00922
-0.00222
0.00861
-0.00336
0.00840
-0.00730
0.01038
-0.01887
0.00681
-0.00868
-0.00110
-0.00123
0.00588
-0.00035
0.00450
-0.01179
0.00886
-0.00920
-0.00398
-0.01069
0.00417
-0.01005
0.00340
-0.00495
0.00814
-0.00113
-0.00201
-0.00368
0.00481
0.00301
