-0.00370
-0.01004
-0.00136
-0.02029
-0.02735
0.00992
0.01303
0.01279
0.06648
0.05414
0.02071
0.13851
0.23200
0.12284
-0.02181
-0.11976
-0.25464
-0.33971
-0.27603
-0.17477
-0.11382
-0.01048
0.08956
0.13443
0.16138
0.14184
0.07188
0.02418
-0.00206
-0.02155
-0.00412
0.01989
0.01890
0.02058
0.01955
0.00661
0.00977
0.01999
0.02204
0.03351
0.04349
0.04112
0.04647
0.05273
0.05030
0.05388
0.05366
0.04152
0.03505
0.02843
0.01449
0.00920
0.00670
-0.00209
-0.00577
-0.01055
-0.02173
-0.02571
-0.02809
-0.03369
-0.02934
-0.02291
-0.02384
-0.02127
-0.01899
-0.02170
-0.01787
-0.01162
-0.00934
-0.00380
-0.00097
-0.00492
-0.00502
-0.00500
-0.00899
-0.00728
-0.00467
-0.00813
-0.00984
-0.01114
-0.01432
-0.01302
-0.01269
-0.01565
-0.01421
-0.01511
-0.02106
-0.02028
-0.01726
-0.01967
-0.01960
-0.01800
-0.01918
-0.01746
-0.01599
-0.01774
-0.01583
-0.01400
-0.01641
-0.01578
-0.01398
-0.01620
-0.01756
-0.01798
-0.01924
-0.01709
-0.01402
-0.01255
-0.00978
-0.01017
-0.01436
-0.01543
-0.01676
-0.02016
-0.01868
-0.01614
-0.01737
-0.01677
-0.01596
-0.01826
-0.01834
-0.01802
-0.02065
-0.02085
-0.01996
-0.02186
-0.02193
-0.02014
-0.02017
-0.02032
-0.02062
-0.02095
-0.01917
-0.01834
-0.01887
-0.01778
-0.01871
-0.02131
-0.02136
-0.02274
-0.02521
-0.02409
-0.02439
-0.02709
-0.02529
-0.02191
-0.02057
-0.01724
-0.01464
-0.01522
-0.01501
-0.01805
-0.02499
-0.02665
-0.02464
-0.02344
-0.01879
-0.01265
-0.01024
-0.00976
-0.01029
-0.01197
-0.01313
-0.01531
-0.01674
-0.01358
-0.01144
-0.01179
-0.00881
-0.00789
-0.01191
-0.01216
-0.00996
-0.01061
-0.01000
-0.00818
-0.00868
-0.00875
-0.00834
-0.00930
-0.00843
-0.00633
-0.00601
-0.00512
-0.00250
-0.00005
0.00069
-0.00108
-0.00249
-0.00230
-0.00443
-0.00584
-0.00182
0.00038
-0.00118
0.00074
0.00243
0.00041
0.00062
0.00151
-0.00006
0.00025
0.00106
-0.00081
-0.00072
0.00154
0.00197
0.00303
0.00528
0.00543
0.00429
0.00300
0.00212
0.00221
0.00116
0.00052
0.00246
0.00241
0.00044
0.00130
0.00164
0.00048
0.00279
0.00511
0.00494
0.00682
0.00721
0.00289
-0.00001
-0.00149
-0.00459
-0.00467
-0.00075
0.00212
0.00358
0.00497
0.00554
0.00489
0.00216
-0.00089
-0.00154
-0.00206
-0.00216
0.00091
0.00352
0.00452
0.00639
0.00565
0.00265
0.00279
0.00299
0.00109
0.00218
0.00367
0.00102
-0.00118
-0.00175
-0.00351
-0.00389
-0.00202
-0.00003
0.00243
0.00448
0.00495
0.00506
0.00438
0.00325
0.00343
0.00284
0.00151
0.00229
0.00300
0.00278
0.00395
0.00402
0.00279
0.00396
0.00442
0.00203
0.00145
0.00197
0.00133
0.00277
0.00554
0.00684
0.00799
0.00779
0.00508
0.00260
-0.00004
-0.00232
-0.00030
0.00341
0.00533
0.00756
0.00836
0.00590
0.00435
0.00413
0.00266
0.00206
0.00340
0.00536
0.00788
0.00864
0.00731
0.00721
0.00598
0.00250
0.00247
0.00589
0.00914
0.01274
0.01483
0.01301
0.00999
0.00674
0.00303
0.00225
0.00403
0.00558
0.00853
0.01168
0.01164
0.01028
0.00939
0.00809
0.00667
0.00600
0.00688
0.00802
0.00646
0.00517
0.00770
0.00874
0.00718
0.00930
0.01251
0.01178
0.01059
0.00968
0.00785
0.00835
0.00911
0.00687
0.00626
0.00759
0.00602
0.00407
0.00537
0.00740
0.00882
0.01084
0.01242
0.01090
0.00679
0.00481
0.00514
0.00299
0.00203
0.00659
0.00934
0.00876
0.01168
0.01417
0.01080
0.00686
0.00455
0.00174
0.00174
0.00462
0.00592
0.00826
0.01243
0.01125
0.00590
0.00435
0.00566
0.00513
0.00495
0.00871
0.01221
0.01094
0.00957
0.00905
0.00374
-0.00048
0.00349
0.00678
0.00543
0.00815
0.01189
0.00861
0.00504
0.00544
0.00442
0.00426
0.00763
0.00918
0.00956
0.01235
0.01260
0.00867
0.00784
0.00997
0.00664
0.00030
0.00071
0.00378
0.00183
0.00229
0.00914
0.01166
0.00959
0.01222
0.01310
0.00713
0.00644
0.01070
0.00814
0.00427
0.00661
0.00816
0.00694
0.00806
0.00825
0.00575
0.00634
0.00780
0.00542
0.00580
0.01163
0.01259
0.00703
0.00650
0.00935
0.00433
-0.00010
0.00697
0.01297
0.01118
0.01357
0.01742
0.01144
0.00432
0.00352
0.00023
-0.00308
0.00367
0.01205
0.01280
0.01283
0.01393
0.01011
0.00617
0.00701
0.00609
0.00451
0.00982
0.01301
0.00639
0.00406
0.01019
0.00894
0.00287
0.00712
0.01249
0.00787
0.00645
0.01236
0.01213
0.00800
0.00952
0.00960
0.00484
0.00554
0.00900
0.00616
0.00591
0.01228
0.01234
0.00769
0.00971
0.01079
0.00570
0.00601
0.00896
0.00408
0.00264
0.01146
0.01431
0.00848
0.00990
0.01575
0.01131
0.00303
0.00427
0.00751
0.00403
0.00553
0.01409
0.01396
0.01078
0.01496
0.01124
0.00193
0.00570
0.00808
0.00294
0.01185
0.02041
0.01409
0.01838
0.02107
0.00125
-0.00411
0.00093
-0.01744
-0.01541
-0.00165
-0.06345
-0.13163
-0.07898
0.02519
0.09607
0.17276
0.22208
0.18001
0.11354
0.07353
0.02145
-0.03368
-0.06348
-0.08059
-0.07560
-0.04526
-0.02020
-0.00152
0.01158
0.00193
-0.00798
-0.00316
-0.00861
-0.01206
0.00175
-0.00051
-0.01364
-0.00700
-0.00735
-0.02356
-0.02057
-0.01306
-0.02414
-0.02768
-0.02141
-0.02301
-0.01925
-0.01438
-0.02162
-0.01580
0.00251
0.00616
0.01711
0.03936
0.03087
0.02863
0.09119
0.14708
0.11373
0.02423
-0.08048
-0.17897
-0.20576
-0.14262
-0.05971
0.00043
0.03318
0.02835
0.01156
0.01297
0.01532
0.01676
0.03368
0.04575
0.04817
0.06371
0.07684
0.07350
0.07220
0.06323
0.03777
0.02357
0.01656
-0.00169
-0.00634
0.00779
0.01172
0.01160
0.02300
0.03013
0.02712
0.02503
0.02335
0.01972
0.01714
0.01825
0.02246
0.02096
0.01455
0.01482
0.01358
0.00469
0.00494
0.01108
0.00901
0.01180
0.02070
0.01895
0.01677
0.02129
0.01671
0.01088
0.01704
0.01794
0.00865
0.00640
0.00926
0.00748
0.00642
0.01106
0.01714
0.01736
0.01193
0.00768
0.00170
-0.00625
-0.00388
0.00294
0.00026
-0.00092
0.00291
-0.00293
-0.00950
-0.00503
-0.00279
-0.00292
0.00406
0.00660
0.00153
0.00123
0.00062
-0.00746
-0.01280
-0.01096
-0.00893
-0.00879
-0.00572
0.00138
0.00307
-0.00292
-0.00291
0.00244
0.00037
-0.00137
0.00228
-0.00165
-0.00667
-0.00119
0.00074
-0.00418
-0.00273
-0.00125
-0.00552
-0.00504
-0.00194
-0.00274
-0.00124
0.00131
-0.00207
-0.00661
-0.00666
-0.00462
-0.00395
-0.00387
-0.00005
0.00327
-0.00157
-0.00591
-0.00389
-0.00628
-0.01106
-0.00895
-0.00855
-0.01339
-0.01335
-0.01142
-0.01273
-0.00950
-0.00415
-0.00538
-0.00795
-0.00827
-0.01009
-0.01151
-0.01057
-0.00997
-0.01067
-0.01035
-0.00772
-0.00703
-0.01125
-0.01360
-0.01211
-0.01506
-0.01845
-0.01301
-0.00765
-0.00872
-0.00807
-0.00694
-0.00982
-0.01040
-0.00877
-0.00968
-0.00946
-0.00795
-0.00910
-0.01006
-0.00923
-0.01033
-0.01377
-0.01659
-0.01691
-0.01422
-0.01015
-0.00552
-0.00108
-0.00142
-0.00556
-0.00762
-0.01084
-0.01625
-0.01557
-0.01039
-0.00867
-0.00848
-0.00712
-0.00702
-0.00732
-0.00723
-0.00856
-0.00958
-0.00948
-0.01097
-0.01291
-0.01270
-0.01174
-0.01149
-0.01127
-0.01008
-0.00785
-0.00670
-0.00737
-0.00727
-0.00699
-0.00827
-0.00828
-0.00686
-0.00713
-0.00836
-0.00994
-0.01315
-0.01579
-0.01525
-0.01279
-0.00955
-0.00639
-0.00570
-0.00694
-0.00838
-0.01123
-0.01475
-0.01552
-0.01331
-0.01060
-0.00856
-0.00702
-0.00591
-0.00534
-0.00628
-0.00883
-0.01111
-0.01276
-0.01374
-0.01227
-0.00841
-0.00447
-0.00258
-0.00338
-0.00579
-0.00870
-0.01142
-0.01249
-0.01108
-0.00924
-0.00855
-0.00801
-0.00816
-0.00986
-0.01106
-0.01112
-0.01157
-0.01130
-0.00906
-0.00683
-0.00584
-0.00577
-0.00732
-0.00973
-0.01015
-0.00883
-0.00834
-0.00838
-0.00779
-0.00716
-0.00711
-0.00708
-0.00590
-0.00523
-0.00724
-0.00907
-0.00936
-0.01070
-0.01132
-0.00878
-0.00617
-0.00449
-0.00192
-0.00124
-0.00342
-0.00470
-0.00603
-0.00885
-0.00989
-0.00936
-0.00980
-0.00943
-0.00711
-0.00521
-0.00440
-0.00420
-0.00449
-0.00488
-0.00573
-0.00501
-0.00147
0.00016
-0.00098
-0.00144
-0.00380
-0.00849
-0.00963
-0.00806
-0.00717
-0.00374
0.00105
0.00204
0.00148
0.00074
-0.00296
-0.00673
-0.00721
-0.00628
-0.00467
-0.00179
0.00136
0.00305
0.00164
-0.00077
-0.00116
-0.00182
-0.00274
-0.00058
0.00095
-0.00128
-0.00221
-0.00165
-0.00341
-0.00342
-0.00031
0.00001
-0.00121
-0.00071
-0.00124
-0.00186
-0.00030
0.00106
0.00124
0.00096
0.00011
-0.00075
-0.00143
-0.00141
0.00006
0.00060
-0.00032
0.00100
0.00222
-0.00084
-0.00298
-0.00237
-0.00410
-0.00486
-0.00159
0.00018
0.00047
0.00256
0.00360
0.00228
0.00090
-0.00070
-0.00308
-0.00481
-0.00522
-0.00407
-0.00188
-0.00044
0.00023
-0.00018
-0.00208
-0.00233
-0.00152
-0.00304
-0.00306
-0.00013
0.00006
-0.00099
0.00075
0.00061
-0.00293
-0.00453
-0.00374
-0.00258
-0.00046
0.00122
0.00076
-0.00086
-0.00297
-0.00471
-0.00542
-0.00594
-0.00546
-0.00397
-0.00295
-0.00077
0.00210
0.00231
0.00139
0.00072
-0.00227
-0.00564
-0.00525
-0.00418
-0.00534
-0.00515
-0.00310
-0.00204
-0.00143
-0.00048
0.00019
0.00008
-0.00094
-0.00164
-0.00166
-0.00219
-0.00298
-0.00364
-0.00448
-0.00434
-0.00349
-0.00423
-0.00526
-0.00476
-0.00464
-0.00474
-0.00298
-0.00110
-0.00095
-0.00112
-0.00155
-0.00317
-0.00466
-0.00469
-0.00330
-0.00175
-0.00097
0.00017
0.00072
-0.00143
-0.00474
-0.00736
-0.00895
-0.00815
-0.00546
-0.00337
-0.00176
-0.00072
-0.00198
-0.00376
-0.00393
-0.00380
-0.00373
-0.00341
-0.00338
-0.00323
-0.00306
-0.00341
-0.00337
-0.00309
-0.00363
-0.00379
-0.00345
-0.00387
-0.00357
-0.00264
-0.00327
-0.00402
-0.00394
-0.00420
-0.00376
-0.00301
-0.00367
-0.00357
-0.00193
-0.00128
-0.00114
-0.00074
-0.00173
-0.00343
-0.00468
-0.00641
-0.00716
-0.00601
-0.00533
-0.00427
-0.00221
-0.00147
-0.00092
-0.00036
-0.00162
-0.00247
-0.00251
-0.00379
-0.00413
-0.00279
-0.00250
-0.00211
-0.00069
-0.00100
-0.00174
-0.00104
-0.00208
-0.00414
-0.00399
-0.00368
-0.00371
-0.00276
-0.00295
-0.00363
-0.00298
-0.00303
-0.00301
-0.00176
-0.00140
-0.00074
0.00073
-0.00011
-0.00148
-0.00134
-0.00315
-0.00565
-0.00514
-0.00473
-0.00481
-0.00227
-0.00048
-0.00073
0.00023
0.00037
-0.00111
-0.00125
-0.00125
-0.00191
-0.00170
-0.00183
-0.00195
-0.00120
-0.00211
-0.00342
-0.00273
-0.00282
-0.00325
-0.00155
-0.00126
-0.00263
-0.00141
-0.00027
-0.00147
-0.00097
0.00013
-0.00089
-0.00120
-0.00101
-0.00205
-0.00216
-0.00148
-0.00151
-0.00120
-0.00123
-0.00202
-0.00193
-0.00224
-0.00276
-0.00095
0.00037
0.00021
0.00185
0.00240
-0.00011
-0.00126
-0.00152
-0.00340
-0.00369
-0.00202
-0.00178
-0.00154
-0.00007
0.00030
-0.00000
-0.00031
-0.00101
-0.00102
-0.00101
-0.00137
-0.00085
-0.00078
-0.00140
-0.00055
0.00011
-0.00074
-0.00025
0.00068
-0.00070
-0.00134
-0.00039
-0.00121
-0.00209
-0.00123
-0.00134
-0.00217
-0.00185
-0.00103
-0.00023
0.00032
0.00088
0.00183
0.00207
0.00182
0.00217
0.00167
-0.00026
-0.00106
-0.00083
-0.00138
-0.00093
0.00051
0.00016
-0.00029
0.00051
0.00023
-0.00052
-0.00020
-0.00021
-0.00082
-0.00100
-0.00042
0.00046
0.00073
0.00108
0.00224
0.00247
0.00194
0.00268
0.00318
0.00194
0.00102
0.00079
-0.00017
-0.00061
0.00001
-0.00020
-0.00065
-0.00002
0.00068
0.00128
0.00214
0.00256
0.00250
0.00223
0.00185
0.00161
0.00076
-0.00046
-0.00024
0.00020
-0.00034
0.00058
0.00182
0.00075
-0.00011
0.00027
0.00033
0.00082
0.00188
0.00226
0.00221
0.00221
0.00208
0.00258
0.00358
0.00343
0.00235
0.00100
-0.00046
-0.00078
-0.00054
-0.00072
-0.00005
0.00090
0.00083
0.00149
0.00297
0.00270
0.00178
0.00227
0.00236
0.00193
0.00229
0.00215
0.00148
0.00083
-0.00004
0.00011
0.00148
0.00239
0.00247
0.00267
0.00270
0.00219
0.00205
0.00183
0.00163
0.00213
0.00186
0.00150
0.00240
0.00242
0.00134
0.00134
0.00175
0.00177
0.00244
0.00278
0.00190
0.00131
0.00101
0.00079
0.00159
0.00244
0.00243
0.00280
0.00356
0.00351
0.00339
0.00370
0.00339
0.00276
0.00221
0.00177
0.00237
0.00296
0.00233
0.00197
0.00221
0.00194
0.00200
0.00275
0.00283
0.00268
0.00301
0.00272
0.00258
0.00335
0.00303
0.00188
0.00186
0.00204
0.00205
0.00295
0.00359
0.00325
0.00292
0.00256
0.00207
0.00191
0.00184
0.00212
0.00289
0.00304
0.00285
0.00361
0.00418
0.00380
0.00389
0.00384
0.00304
0.00316
0.00339
0.00233
0.00210
0.00288
0.00240
0.00179
0.00209
0.00167
0.00117
0.00147
0.00184
0.00258
0.00313
0.00294
0.00313
0.00357
0.00388
0.00477
0.00539
0.00443
0.00345
0.00337
0.00239
0.00191
0.00323
0.00332
0.00259
0.00276
0.00189
0.00064
0.00115
0.00217
0.00260
0.00334
0.00451
0.00545
0.00575
0.00484
0.00344
0.00256
0.00160
0.00151
0.00295
0.00344
0.00318
0.00346
0.00242
0.00125
0.00220
0.00306
0.00290
0.00342
0.00416
0.00369
0.00299
0.00302
0.00280
0.00251
0.00273
0.00305
0.00340
0.00317
0.00288
0.00303
0.00236
0.00211
0.00337
0.00397
0.00335
0.00294
0.00246
0.00176
0.00257
0.00409
0.00417
0.00390
0.00395
0.00338
0.00263
0.00223
0.00201
0.00155
0.00095
0.00128
0.00253
0.00313
0.00311
0.00337
0.00268
0.00154
0.00207
0.00272
0.00239
0.00263
0.00309
0.00286
0.00311
0.00412
0.00440
0.00356
0.00219
0.00105
0.00102
0.00206
0.00353
0.00450
0.00402
0.00297
0.00282
0.00260
0.00180
0.00206
0.00231
0.00148
0.00203
0.00344
0.00333
0.00278
0.00240
0.00137
0.00060
0.00101
0.00187
0.00262
0.00293
0.00263
0.00266
0.00281
0.00260
0.00285
0.00282
0.00206
0.00221
0.00307
0.00339
0.00383
0.00412
0.00282
0.00161
0.00228
0.00276
0.00222
0.00181
0.00109
0.00039
0.00087
0.00195
0.00296
0.00355
0.00302
0.00230
0.00243
0.00248
0.00260
0.00321
0.00313
0.00282
0.00320
0.00339
0.00327
0.00307
0.00186
0.00012
-0.00012
0.00124
0.00260
0.00393
0.00476
0.00364
0.00208
0.00160
0.00162
0.00222
0.00275
0.00269
0.00302
0.00345
0.00318
0.00263
0.00196
0.00074
-0.00014
0.00029
0.00110
0.00187
0.00250
0.00221
0.00183
0.00229
0.00257
0.00255
0.00305
0.00284
0.00151
0.00137
0.00226
0.00289
0.00376
0.00377
0.00243
0.00152
0.00097
0.00053
0.00084
0.00101
0.00044
0.00040
0.00133
0.00195
0.00217
0.00222
0.00163
0.00141
0.00181
0.00178
0.00225
0.00282
0.00178
0.00099
0.00164
0.00193
0.00207
0.00246
0.00181
0.00080
0.00083
0.00121
0.00180
0.00298
0.00310
0.00185
0.00115
0.00072
0.00037
0.00074
0.00077
0.00077
0.00151
0.00196
0.00227
0.00263
0.00151
-0.00043
-0.00075
-0.00020
0.00010
0.00151
0.00284
0.00233
0.00167
0.00127
0.00062
0.00081
0.00132
0.00124
0.00123
0.00139
0.00145
0.00149
0.00112
0.00033
-0.00009
-0.00023
-0.00017
0.00090
0.00189
0.00144
0.00109
0.00133
0.00094
0.00091
0.00163
0.00144
0.00053
0.00027
0.00054
0.00077
0.00097
0.00110
0.00119
0.00102
0.00064
0.00057
0.00049
0.00012
0.00004
-0.00002
-0.00011
0.00077
0.00220
0.00237
0.00165
0.00130
0.00070
-0.00007
0.00017
0.00093
0.00102
0.00063
0.00051
0.00055
0.00039
0.00035
0.00064
0.00080
0.00071
0.00109
0.00172
0.00159
0.00118
0.00094
0.00029
-0.00011
0.00042
0.00069
0.00017
0.00001
0.00024
-0.00008
-0.00030
0.00030
0.00071
0.00012
-0.00082
-0.00090
-0.00030
0.00029
0.00111
0.00188
0.00189
0.00160
0.00161
0.00129
0.00058
0.00052
0.00063
0.00020
0.00033
0.00102
0.00086
-0.00007
-0.00055
-0.00069
-0.00103
-0.00064
0.00041
0.00096
0.00095
0.00061
0.00029
0.00006
-0.00033
-0.00018
0.00034
0.00025
0.00013
0.00051
0.00051
0.00023
0.00037
0.00022
-0.00026
0.00028
0.00093
0.00008
-0.00076
-0.00049
-0.00033
0.00005
0.00111
0.00170
0.00169
0.00121
0.00023
-0.00039
-0.00063
-0.00097
-0.00072
-0.00007
-0.00002
0.00024
0.00073
-0.00003
-0.00083
-0.00059
-0.00079
-0.00071
0.00068
0.00136
0.00093
0.00068
-0.00001
-0.00110
-0.00109
-0.00020
0.00038
0.00079
0.00099
0.00091
0.00130
0.00118
0.00014
-0.00008
-0.00026
-0.00088
-0.00046
-0.00027
-0.00088
-0.00059
-0.00005
-0.00027
-0.00001
0.00064
0.00028
-0.00020
-0.00025
-0.00083
-0.00109
-0.00060
-0.00013
0.00042
0.00086
0.00068
0.00018
-0.00021
-0.00066
-0.00075
-0.00003
0.00034
0.00047
0.00114
0.00101
-0.00000
-0.00068
-0.00117
-0.00131
-0.00053
0.00008
-0.00009
-0.00004
-0.00004
-0.00043
-0.00051
-0.00052
-0.00080
-0.00088
-0.00056
-0.00037
-0.00038
0.00013
0.00061
0.00080
0.00115
0.00071
-0.00010
-0.00056
-0.00129
-0.00164
-0.00128
-0.00101
-0.00067
0.00003
0.00064
0.00077
0.00063
0.00001
-0.00096
-0.00120
-0.00109
-0.00131
-0.00090
-0.00023
-0.00056
-0.00111
-0.00126
-0.00162
-0.00157
-0.00077
-0.00023
0.00001
-0.00005
-0.00054
-0.00062
-0.00046
-0.00080
-0.00121
-0.00138
-0.00136
-0.00077
0.00004
0.00021
0.00022
0.00029
-0.00021
-0.00080
-0.00082
-0.00098
-0.00176
-0.00211
-0.00175
-0.00163
-0.00125
-0.00042
0.00013
0.00047
0.00004
-0.00074
-0.00095
-0.00139
-0.00158
-0.00121
-0.00118
-0.00089
-0.00021
-0.00004
-0.00038
-0.00076
-0.00124
-0.00200
-0.00185
-0.00076
-0.00041
-0.00070
-0.00097
-0.00133
-0.00153
-0.00156
-0.00128
-0.00080
-0.00080
-0.00088
-0.00039
-0.00023
-0.00063
-0.00065
-0.00073
-0.00138
-0.00154
-0.00118
-0.00120
-0.00119
-0.00094
-0.00121
-0.00152
-0.00092
-0.00018
0.00002
-0.00048
-0.00160
-0.00244
-0.00289
-0.00268
-0.00131
-0.00023
-0.00022
-0.00025
-0.00030
-0.00081
-0.00123
-0.00117
-0.00144
-0.00212
-0.00183
-0.00095
-0.00069
-0.00045
-0.00023
-0.00065
-0.00118
-0.00129
-0.00106
-0.00077
-0.00076
-0.00099
-0.00142
-0.00194
-0.00186
-0.00116
-0.00101
-0.00157
-0.00185
-0.00168
-0.00165
-0.00131
-0.00047
-0.00055
-0.00144
-0.00155
-0.00137
-0.00163
-0.00152
-0.00136
-0.00198
-0.00236
-0.00186
-0.00124
-0.00056
-0.00019
-0.00044
-0.00054
-0.00059
-0.00075
-0.00048
-0.00061
-0.00149
-0.00180
-0.00159
-0.00153
-0.00080
0.00024
-0.00032
-0.00164
-0.00185
-0.00175
-0.00149
-0.00047
-0.00015
-0.00090
-0.00137
-0.00148
-0.00145
-0.00103
-0.00084
-0.00114
-0.00120
-0.00114
-0.00090
0.00005
0.00039
-0.00038
-0.00076
-0.00104
-0.00151
-0.00096
-0.00029
-0.00080
-0.00108
-0.00066
-0.00060
-0.00039
0.00009
-0.00027
-0.00130
-0.00220
-0.00266
-0.00239
-0.00148
-0.00082
-0.00068
-0.00058
-0.00059
-0.00042
-0.00007
-0.00048
-0.00130
-0.00168
-0.00200
-0.00219
-0.00143
-0.00059
-0.00076
-0.00082
-0.00053
-0.00046
-0.00001
0.00042
-0.00000
-0.00091
-0.00168
-0.00183
-0.00136
-0.00078
-0.00069
-0.00129
-0.00189
-0.00213
-0.00191
-0.00108
-0.00038
-0.00018
-0.00004
-0.00034
-0.00081
-0.00052
-0.00055
-0.00153
-0.00208
-0.00183
-0.00112
-0.00004
0.00092
0.00113
0.00061
-0.00008
-0.00087
-0.00126
-0.00082
-0.00081
-0.00131
-0.00127
-0.00105
-0.00054
0.00037
0.00061
0.00015
-0.00041
-0.00102
-0.00115
-0.00064
-0.00052
-0.00107
-0.00145
-0.00156
-0.00146
-0.00067
0.00022
0.00046
0.00037
-0.00011
-0.00069
-0.00047
-0.00013
-0.00037
-0.00058
-0.00059
-0.00061
-0.00062
-0.00068
-0.00080
-0.00101
-0.00122
-0.00105
-0.00003
0.00118
0.00140
0.00094
0.00002
-0.00131
-0.00165
-0.00096
-0.00024
0.00033
0.00051
0.00033
0.00021
0.00012
-0.00016
-0.00076
-0.00137
-0.00140
-0.00096
-0.00031
0.00063
0.00127
0.00101
0.00020
-0.00023
0.00013
0.00016
-0.00036
-0.00052
-0.00091
-0.00143
-0.00115
-0.00043
0.00017
0.00028
-0.00013
-0.00061
-0.00071
-0.00021
0.00038
0.00044
0.00024
0.00002
-0.00019
-0.00024
-0.00021
-0.00032
-0.00082
-0.00140
-0.00095
0.00028
0.00085
0.00085
0.00083
0.00038
-0.00043
-0.00051
0.00010
0.00018
-0.00018
-0.00047
-0.00090
-0.00083
0.00003
0.00066
0.00096
0.00100
0.00051
0.00007
-0.00017
-0.00033
-0.00002
0.00004
-0.00052
-0.00036
0.00043
0.00052
0.00017
0.00002
-0.00052
-0.00114
-0.00043
0.00077
0.00107
0.00109
0.00072
-0.00036
-0.00094
-0.00098
-0.00097
-0.00061
-0.00031
0.00000
0.00062
0.00091
0.00086
0.00082
0.00042
-0.00049
-0.00083
-0.00012
0.00018
0.00037
0.00103
0.00062
-0.00021
0.00009
0.00057
0.00067
0.00080
0.00071
-0.00000
-0.00056
-0.00047
-0.00031
-0.00019
-0.00028
-0.00050
-0.00033
-0.00014
-0.00010
0.00018
0.00023
-0.00029
-0.00029
0.00038
0.00060
0.00068
0.00093
0.00030
-0.00075
-0.00090
-0.00058
-0.00035
0.00028
0.00097
0.00076
0.00020
0.00001
-0.00015
-0.00014
-0.00003
-0.00011
0.00005
0.00043
0.00069
0.00104
0.00110
0.00040
-0.00026
-0.00031
-0.00069
-0.00103
-0.00041
-0.00022
-0.00054
0.00009
0.00069
0.00085
0.00131
0.00125
0.00058
0.00014
-0.00001
0.00003
0.00029
0.00061
0.00058
0.00026
-0.00008
-0.00050
-0.00042
0.00013
0.00019
0.00032
0.00073
0.00054
0.00040
0.00048
-0.00015
-0.00093
-0.00105
-0.00069
-0.00011
0.00062
0.00109
0.00083
0.00030
-0.00010
-0.00045
-0.00044
-0.00015
-0.00004
-0.00015
-0.00039
-0.00051
-0.00033
0.00000
0.00034
0.00065
0.00090
0.00088
0.00055
0.00030
0.00008
-0.00023
-0.00030
-0.00028
-0.00023
0.00038
0.00103
0.00081
0.00012
-0.00058
-0.00104
-0.00093
-0.00037
0.00034
0.00095
0.00112
0.00063
-0.00007
-0.00043
-0.00053
-0.00034
0.00002
0.00023
0.00047
0.00054
0.00024
0.00006
-0.00002
-0.00033
-0.00065
-0.00045
-0.00006
0.00012
0.00033
0.00014
-0.00032
-0.00055
-0.00067
-0.00033
0.00024
0.00033
0.00009
-0.00014
-0.00006
0.00020
0.00044
0.00068
0.00060
0.00035
0.00017
-0.00008
-0.00033
-0.00052
-0.00065
-0.00059
-0.00020
0.00043
0.00093
0.00094
0.00039
-0.00041
-0.00096
-0.00097
-0.00046
0.00027
0.00070
0.00046
-0.00014
-0.00048
-0.00026
0.00024
0.00060
0.00058
0.00023
-0.00022
-0.00051
-0.00056
-0.00042
-0.00023
-0.00009
0.00008
0.00040
0.00073
0.00073
0.00029
-0.00036
-0.00079
-0.00075
-0.00023
0.00047
0.00091
0.00073
0.00004
-0.00063
-0.00078
-0.00042
0.00007
0.00037
0.00039
0.00025
0.00017
0.00023
0.00022
0.00000
-0.00035
-0.00052
-0.00028
0.00022
0.00057
0.00043
-0.00008
-0.00054
-0.00061
-0.00020
0.00043
0.00084
0.00071
0.00011
-0.00050
-0.00066
-0.00032
0.00024
0.00066
0.00070
0.00033
-0.00018
-0.00053
-0.00061
-0.00054
-0.00044
-0.00018
0.00038
0.00103
0.00132
0.00099
0.00014
-0.00081
-0.00131
-0.00107
-0.00026
0.00054
0.00082
0.00053
0.00010
-0.00009
-0.00004
0.00003
0.00007
0.00005
-0.00009
-0.00025
-0.00021
0.00003
0.00021
0.00011
-0.00013
-0.00011
0.00028
0.00065
0.00063
0.00019
-0.00042
-0.00083
-0.00067
0.00002
0.00070
0.00084
0.00035
-0.00034
-0.00066
-0.00045
-0.00003
0.00028
0.00045
0.00049
0.00042
0.00027
0.00009
-0.00020
-0.00061
-0.00089
-0.00069
0.00004
0.00081
0.00104
0.00063
-0.00006
-0.00059
-0.00068
-0.00025
0.00042
0.00073
0.00043
-0.00017
-0.00048
-0.00025
0.00021
0.00045
0.00032
0.00001
-0.00022
-0.00022
-0.00004
0.00008
-0.00006
-0.00032
-0.00029
0.00017
0.00078
0.00101
0.00060
-0.00024
-0.00095
-0.00110
-0.00066
0.00009
0.00069
0.00075
0.00032
-0.00012
-0.00020
-0.00001
0.00013
0.00003
-0.00019
-0.00023
0.00001
0.00036
0.00055
0.00036
-0.00018
-0.00061
-0.00049
0.00011
0.00067
0.00074
0.00022
-0.00049
-0.00081
-0.00048
0.00018
0.00062
0.00047
-0.00013
-0.00066
-0.00064
-0.00011
0.00049
0.00077
0.00062
0.00023
-0.00003
-0.00003
0.00008
0.00000
-0.00037
-0.00074
-0.00067
-0.00006
0.00066
0.00096
0.00063
-0.00009
-0.00070
-0.00077
-0.00029
0.00031
0.00053
0.00031
-0.00004
-0.00018
0.00001
0.00030
0.00034
0.00001
-0.00042
-0.00060
-0.00036
0.00012
0.00042
0.00028
-0.00016
-0.00041
-0.00015
0.00047
0.00089
0.00071
0.00006
-0.00058
-0.00078
-0.00043
0.00018
0.00054
0.00037
-0.00011
-0.00047
-0.00044
-0.00011
0.00023
0.00030
0.00011
-0.00010
-0.00012
0.00005
0.00023
0.00020
-0.00006
-0.00034
-0.00033
0.00004
0.00047
0.00060
0.00032
-0.00013
-0.00041
-0.00038
-0.00014
0.00005
0.00001
-0.00024
-0.00044
-0.00028
0.00021
0.00066
0.00072
0.00038
-0.00004
-0.00025
-0.00019
-0.00009
-0.00011
-0.00019
-0.00029
-0.00034
-0.00018
0.00019
0.00049
0.00047
0.00017
-0.00017
-0.00030
-0.00018
0.00001
0.00010
0.00008
-0.00003
-0.00017
-0.00018
-0.00006
0.00005
0.00004
-0.00004
-0.00007
0.00003
0.00017
0.00015
-0.00000
-0.00010
-0.00008
-0.00001
0.00008
0.00016
0.00010
-0.00008
-0.00014
0.00001
0.00020
0.00024
0.00007
-0.00012
-0.00017
-0.00014
-0.00013
-0.00010
-0.00003
0.00002
-0.00002
-0.00008
-0.00007
0.00000
0.00006
0.00000
-0.00007
-0.00002
0.00004
-0.00001
-0.00007
-0.00001
0.00010
0.00014
0.00015
0.00017
0.00011
-0.00007
-0.00029
-0.00036
-0.00021
0.00003
0.00013
0.00007
-0.00003
-0.00001
0.00014
0.00032
0.00038
0.00021
-0.00015
-0.00047
-0.00048
-0.00019
0.00011
0.00013
-0.00004
-0.00015
-0.00008
0.00006
0.00019
0.00026
0.00018
-0.00004
-0.00020
-0.00013
0.00012
0.00033
0.00028
0.00002
-0.00021
-0.00026
-0.00021
-0.00013
-0.00008
-0.00015
-0.00029
-0.00028
-0.00001
0.00033
0.00042
0.00017
-0.00020
-0.00031
-0.00005
0.00032
0.00048
0.00032
-0.00008
-0.00042
-0.00042
-0.00010
0.00023
0.00026
-0.00002
-0.00032
-0.00036
-0.00010
0.00023
0.00041
0.00036
0.00012
-0.00018
-0.00028
-0.00013
0.00010
0.00014
-0.00002
-0.00017
-0.00014
0.00007
0.00026
0.00024
-0.00003
-0.00037
-0.00054
-0.00036
0.00004
0.00031
0.00026
0.00005
-0.00007
0.00002
0.00024
0.00039
0.00029
0.00000
-0.00027
-0.00034
-0.00019
-0.00000
0.00002
-0.00012
-0.00021
-0.00010
0.00009
0.00022
0.00028
0.00021
-0.00001
-0.00024
-0.00026
0.00000
0.00032
0.00039
0.00013
-0.00022
-0.00038
-0.00029
-0.00008
0.00016
0.00029
0.00022
0.00004
-0.00007
-0.00008
-0.00010
-0.00023
-0.00037
-0.00031
-0.00001
0.00028
0.00041
0.00041
0.00030
0.00008
-0.00008
-0.00006
0.00002
-0.00004
-0.00025
-0.00042
-0.00036
-0.00011
0.00014
0.00029
0.00038
0.00040
0.00024
-0.00002
-0.00017
-0.00019
-0.00023
-0.00028
-0.00017
0.00014
0.00046
0.00050
0.00021
-0.00017
-0.00040
-0.00043
-0.00029
-0.00000
0.00029
0.00035
0.00016
-0.00006
-0.00015
-0.00014
-0.00010
-0.00007
0.00003
0.00021
0.00032
0.00025
0.00010
-0.00011
-0.00039
-0.00052
-0.00029
0.00017
0.00045
0.00036
0.00004
-0.00021
-0.00020
0.00002
0.00027
0.00041
0.00032
0.00002
-0.00027
-0.00033
-0.00021
-0.00007
-0.00001
0.00003
0.00014
0.00032
0.00040
0.00024
-0.00013
-0.00049
-0.00065
-0.00047
-0.00001
0.00049
0.00070
0.00047
0.00003
-0.00028
-0.00030
-0.00006
0.00020
0.00024
0.00003
-0.00021
-0.00028
-0.00015
-0.00001
0.00002
-0.00004
-0.00001
0.00019
0.00046
0.00058
0.00033
-0.00023
-0.00066
-0.00058
-0.00008
0.00046
0.00068
0.00044
-0.00011
-0.00058
-0.00068
-0.00040
0.00010
0.00050
0.00052
0.00024
-0.00004
-0.00020
-0.00028
-0.00029
-0.00020
-0.00002
0.00024
0.00054
0.00074
0.00065
0.00016
-0.00058
-0.00108
-0.00093
-0.00028
0.00037
0.00064
0.00051
0.00020
-0.00002
-0.00004
0.00005
0.00009
0.00000
-0.00017
-0.00023
-0.00010
0.00008
0.00008
-0.00006
-0.00011
0.00008
0.00035
0.00049
0.00043
0.00015
-0.00033
-0.00079
-0.00088
-0.00046
0.00025
0.00075
0.00077
0.00040
-0.00004
-0.00028
-0.00023
0.00005
0.00028
0.00027
0.00010
-0.00007
-0.00016
-0.00027
-0.00047
-0.00063
-0.00044
0.00012
0.00070
0.00092
0.00071
0.00018
-0.00042
-0.00072
-0.00054
-0.00008
0.00032
0.00044
0.00031
0.00009
-0.00005
-0.00007
-0.00002
0.00005
0.00008
0.00004
-0.00001
-0.00003
-0.00005
-0.00015
-0.00034
-0.00049
-0.00031
0.00025
0.00084
0.00098
0.00054
-0.00020
-0.00079
-0.00084
-0.00036
0.00022
0.00044
0.00028
0.00005
-0.00004
-0.00001
0.00001
-0.00004
-0.00015
-0.00019
-0.00004
0.00028
0.00051
0.00041
-0.00003
-0.00051
-0.00064
-0.00031
0.00023
0.00064
0.00064
0.00022
-0.00030
-0.00054
-0.00035
0.00013
0.00047
0.00034
-0.00015
-0.00049
-0.00036
0.00007
0.00042
0.00048
0.00026
-0.00002
-0.00011
-0.00002
0.00002
-0.00018
-0.00057
-0.00082
-0.00057
0.00017
0.00092
0.00120
0.00082
0.00006
-0.00062
-0.00078
-0.00043
0.00007
0.00032
0.00019
-0.00011
-0.00023
0.00002
0.00034
0.00037
0.00010
-0.00025
-0.00040
-0.00021
0.00023
0.00052
0.00035
-0.00019
-0.00064
-0.00053
0.00013
0.00079
0.00084
0.00023
-0.00052
-0.00087
-0.00063
-0.00003
0.00045
0.00047
0.00009
-0.00035
-0.00044
-0.00008
0.00042
0.00058
0.00031
-0.00003
-0.00007
0.00017
0.00041
0.00034
-0.00010
-0.00062
-0.00083
-0.00053
0.00015
0.00078
0.00082
0.00022
-0.00047
-0.00071
-0.00046
0.00001
0.00031
0.00023
-0.00011
-0.00035
-0.00020
0.00030
0.00075
0.00070
0.00015
-0.00041
-0.00052
-0.00025
-0.00001
-0.00004
-0.00023
-0.00031
-0.00010
0.00034
0.00080
0.00095
0.00056
-0.00022
-0.00085
-0.00087
-0.00034
0.00025
0.00052
0.00039
0.00009
-0.00020
-0.00032
-0.00019
0.00002
0.00008
-0.00008
-0.00022
-0.00004
0.00039
0.00061
0.00032
-0.00025
-0.00064
-0.00059
-0.00014
0.00041
0.00066
0.00043
-0.00002
-0.00028
-0.00013
0.00025
0.00042
0.00015
-0.00027
-0.00050
-0.00047
-0.00029
-0.00002
0.00027
0.00045
0.00038
0.00015
0.00000
0.00002
-0.00000
-0.00027
-0.00056
-0.00054
-0.00014
0.00041
0.00078
0.00074
0.00027
-0.00033
-0.00063
-0.00043
0.00002
0.00029
0.00016
-0.00013
-0.00022
0.00001
0.00029
0.00035
0.00019
0.00003
-0.00001
0.00002
0.00005
0.00003
-0.00009
-0.00022
-0.00025
-0.00011
0.00015
0.00035
0.00033
0.00009
-0.00026
-0.00056
-0.00056
-0.00014
0.00042
0.00070
0.00055
0.00012
-0.00027
-0.00033
-0.00011
0.00002
-0.00006
-0.00013
0.00001
0.00030
0.00051
0.00042
0.00001
-0.00046
-0.00064
-0.00045
-0.00003
0.00039
0.00056
0.00044
0.00020
-0.00002
-0.00016
-0.00019
-0.00017
-0.00018
-0.00022
-0.00023
-0.00021
-0.00005
0.00032
0.00063
0.00058
0.00026
-0.00001
-0.00008
-0.00007
-0.00015
-0.00035
-0.00049
-0.00037
0.00000
0.00042
0.00065
0.00056
0.00021
-0.00022
-0.00045
-0.00041
-0.00024
-0.00010
0.00003
0.00015
0.00022
0.00021
0.00013
0.00010
0.00015
0.00014
-0.00002
-0.00016
-0.00011
0.00003
0.00010
0.00006
-0.00008
-0.00021
-0.00016
0.00006
0.00029
0.00035
0.00019
-0.00009
-0.00023
-0.00013
0.00006
0.00013
0.00013
0.00012
0.00008
-0.00004
-0.00018
-0.00022
-0.00013
-0.00001
0.00005
0.00007
0.00012
0.00018
0.00019
0.00017
0.00006
-0.00016
-0.00034
-0.00023
0.00013
0.00041
0.00039
0.00017
-0.00005
-0.00019
-0.00024
-0.00022
-0.00011
0.00007
0.00022
0.00026
0.00022
0.00018
0.00012
0.00001
-0.00013
-0.00025
-0.00035
-0.00038
-0.00023
0.00010
0.00041
0.00042
0.00013
-0.00008
0.00004
0.00030
0.00035
0.00015
-0.00013
-0.00036
-0.00045
-0.00032
-0.00001
0.00027
0.00032
0.00016
0.00000
0.00002
0.00010
0.00010
0.00004
0.00002
0.00002
-0.00005
-0.00009
0.00006
0.00027
0.00019
-0.00021
-0.00051
-0.00037
0.00007
0.00042
0.00048
0.00027
-0.00004
-0.00026
-0.00026
-0.00000
0.00027
0.00023
-0.00010
-0.00032
-0.00017
0.00014
0.00028
0.00020
0.00003
-0.00009
-0.00009
-0.00000
0.00013
0.00023
0.00015
-0.00015
-0.00039
-0.00026
0.00018
0.00058
0.00064
0.00030
-0.00021
-0.00059
-0.00067
-0.00044
-0.00001
0.00034
0.00038
0.00028
0.00030
0.00040
0.00032
-0.00003
-0.00046
-0.00068
-0.00054
-0.00011
0.00033
0.00054
0.00045
0.00012
-0.00019
-0.00022
0.00004
0.00028
0.00028
0.00005
-0.00024
-0.00041
-0.00035
-0.00015
0.00007
0.00025
0.00035
0.00034
0.00028
0.00026
0.00021
-0.00003
-0.00039
-0.00059
-0.00048
-0.00012
0.00023
0.00036
0.00024
0.00003
-0.00013
-0.00013
0.00010
0.00045
0.00058
0.00035
-0.00005
-0.00034
-0.00041
-0.00033
-0.00025
-0.00022
-0.00014
0.00010
0.00034
0.00042
0.00029
-0.00000
-0.00028
-0.00031
-0.00003
0.00033
0.00052
0.00041
0.00006
-0.00027
-0.00032
-0.00017
0.00002
0.00014
0.00013
-0.00005
-0.00026
-0.00032
-0.00021
-0.00007
0.00003
0.00012
0.00025
0.00043
0.00059
0.00053
0.00016
-0.00040
-0.00085
-0.00088
-0.00041
0.00027
0.00074
0.00078
0.00043
0.00002
-0.00016
-0.00008
0.00001
-0.00010
-0.00032
-0.00041
-0.00024
0.00005
0.00025
0.00023
0.00002
-0.00016
-0.00014
0.00008
0.00036
0.00047
0.00026
-0.00021
-0.00059
-0.00054
-0.00012
0.00033
0.00051
0.00035
0.00001
-0.00028
-0.00029
0.00002
0.00043
0.00056
0.00027
-0.00014
-0.00030
-0.00017
-0.00004
-0.00013
-0.00039
-0.00052
-0.00032
0.00016
0.00067
0.00086
0.00060
0.00006
-0.00042
-0.00052
-0.00021
0.00015
0.00017
-0.00013
-0.00041
-0.00044
-0.00021
0.00019
0.00055
0.00059
0.00030
-0.00008
-0.00024
-0.00008
0.00014
0.00012
-0.00017
-0.00042
-0.00039
-0.00005
0.00040
0.00065
0.00047
-0.00006
-0.00055
-0.00064
-0.00024
0.00033
0.00058
0.00033
-0.00012
-0.00035
-0.00025
0.00004
0.00029
0.00030
0.00006
-0.00020
-0.00024
-0.00006
0.00013
0.00018
0.00002
-0.00022
-0.00027
-0.00002
0.00035
0.00055
0.00045
0.00007
-0.00036
-0.00049
-0.00027
-0.00000
0.00004
-0.00015
-0.00039
-0.00040
-0.00006
0.00044
0.00079
0.00079
0.00039
-0.00021
-0.00058
-0.00055
-0.00036
-0.00023
-0.00014
-0.00007
0.00002
0.00024
0.00050
0.00056
0.00033
-0.00001
-0.00027
-0.00026
0.00002
0.00028
0.00026
0.00005
-0.00016
-0.00026
-0.00019
-0.00000
0.00013
0.00006
-0.00012
-0.00026
-0.00021
0.00002
0.00019
0.00009
-0.00010
-0.00011
0.00007
0.00018
0.00015
0.00004
-0.00009
-0.00022
-0.00027
-0.00011
0.00020
0.00045
0.00040
0.00006
-0.00024
-0.00027
-0.00011
0.00006
0.00019
0.00025
0.00018
0.00002
-0.00007
-0.00006
-0.00005
-0.00014
-0.00028
-0.00021
0.00016
0.00049
0.00043
0.00005
-0.00031
-0.00050
-0.00045
-0.00020
0.00008
0.00020
0.00012
-0.00007
-0.00021
-0.00011
0.00017
0.00041
0.00044
0.00034
0.00017
-0.00004
-0.00021
-0.00026
-0.00022
-0.00020
-0.00025
-0.00024
-0.00001
0.00035
0.00051
0.00028
-0.00017
-0.00046
-0.00036
0.00005
0.00047
0.00063
0.00039
-0.00010
-0.00052
-0.00063
-0.00044
-0.00016
0.00004
0.00015
0.00026
0.00040
0.00048
0.00038
0.00007
-0.00028
-0.00051
-0.00053
-0.00038
-0.00009
0.00024
0.00040
0.00027
0.00001
-0.00007
0.00016
0.00047
0.00049
0.00013
-0.00036
-0.00068
-0.00069
-0.00040
0.00003
0.00036
0.00043
0.00029
0.00013
0.00005
0.00003
-0.00008
-0.00025
-0.00027
-0.00005
0.00023
0.00038
0.00038
0.00024
-0.00007
-0.00047
-0.00072
-0.00065
-0.00023
0.00030
0.00060
0.00054
0.00030
0.00003
-0.00018
-0.00021
-0.00007
0.00003
-0.00001
-0.00005
0.00002
0.00016
0.00020
0.00002
-0.00024
-0.00033
-0.00022
-0.00011
-0.00007
-0.00002
0.00003
0.00002
0.00002
0.00012
0.00025
0.00036
0.00040
0.00029
0.00001
-0.00032
-0.00053
-0.00052
-0.00028
0.00011
0.00041
0.00047
0.00031
0.00009
-0.00012
-0.00025
-0.00032
-0.00034
-0.00025
-0.00002
0.00020
0.00026
0.00020
0.00011
0.00002
-0.00005
-0.00006
-0.00005
-0.00002
0.00009
0.00023
0.00020
0.00001
-0.00014
-0.00019
-0.00018
-0.00014
-0.00008
-0.00007
-0.00010
-0.00009
-0.00001
0.00017
0.00040
0.00051
0.00041
0.00018
-0.00009
-0.00041
-0.00061
-0.00058
-0.00042
-0.00023
0.00004
0.00034
0.00057
0.00069
0.00059
0.00017
-0.00030
-0.00052
-0.00045
-0.00023
0.00006
0.00030
0.00035
0.00023
0.00007
-0.00007
-0.00016
-0.00025
-0.00035
-0.00043
-0.00038
-0.00018
0.00015
0.00046
0.00061
0.00050
0.00022
-0.00007
-0.00023
-0.00025
-0.00020
-0.00011
-0.00005
-0.00005
0.00001
0.00019
0.00035
0.00027
-0.00005
-0.00040
-0.00051
-0.00030
0.00000
0.00015
0.00017
0.00022
0.00023
0.00015
0.00004
-0.00002
-0.00006
-0.00009
-0.00009
-0.00003
0.00008
0.00019
0.00020
0.00013
0.00004
-0.00013
-0.00037
-0.00049
-0.00038
-0.00016
-0.00001
0.00007
0.00018
0.00044
0.00070
0.00068
0.00033
-0.00011
-0.00046
-0.00067
-0.00073
-0.00061
-0.00031
-0.00001
0.00021
0.00043
0.00069
0.00075
0.00041
-0.00009
-0.00039
-0.00038
-0.00023
-0.00012
-0.00007
0.00000
0.00011
0.00017
0.00015
0.00014
0.00019
0.00014
-0.00009
-0.00037
-0.00046
-0.00029
-0.00000
0.00020
0.00026
0.00020
0.00004
-0.00012
-0.00012
-0.00001
0.00003
-0.00005
-0.00013
-0.00001
0.00028
0.00046
0.00031
-0.00009
-0.00052
-0.00073
-0.00057
-0.00014
0.00030
0.00058
0.00060
0.00039
0.00010
-0.00003
-0.00006
-0.00015
-0.00030
-0.00042
-0.00040
-0.00013
0.00030
0.00058
0.00054
0.00026
-0.00014
-0.00047
-0.00048
-0.00021
0.00004
0.00006
-0.00012
-0.00031
-0.00022
0.00019
0.00060
0.00069
0.00046
0.00009
-0.00027
-0.00049
-0.00051
-0.00035
-0.00018
-0.00010
-0.00006
0.00008
0.00037
0.00060
0.00053
0.00012
-0.00038
-0.00058
-0.00038
0.00003
0.00038
0.00048
0.00022
-0.00021
-0.00047
-0.00036
-0.00003
0.00021
0.00018
-0.00004
-0.00015
-0.00004
0.00010
0.00017
0.00018
0.00005
-0.00023
-0.00041
-0.00029
-0.00001
0.00020
0.00021
0.00008
0.00001
0.00015
0.00036
0.00042
0.00025
-0.00006
-0.00045
-0.00070
-0.00059
-0.00018
0.00023
0.00038
0.00027
0.00010
0.00008
0.00018
0.00015
-0.00011
-0.00039
-0.00048
-0.00033
0.00001
0.00040
0.00060
0.00046
0.00008
-0.00028
-0.00046
-0.00043
-0.00026
-0.00010
-0.00004
-0.00000
0.00011
0.00027
0.00043
0.00051
0.00040
0.00010
-0.00017
-0.00025
-0.00020
-0.00019
-0.00029
-0.00043
-0.00050
-0.00034
0.00003
0.00041
0.00058
0.00048
0.00018
-0.00009
-0.00014
-0.00004
0.00001
-0.00000
-0.00006
-0.00016
-0.00020
-0.00006
0.00017
0.00026
0.00012
-0.00014
-0.00032
-0.00025
0.00005
0.00032
0.00031
0.00002
-0.00034
-0.00055
-0.00043
-0.00003
0.00037
0.00048
0.00027
0.00003
0.00001
0.00019
0.00026
0.00003
-0.00037
-0.00061
-0.00054
-0.00024
0.00016
0.00048
0.00050
0.00018
-0.00019
-0.00030
-0.00012
0.00017
0.00029
0.00011
-0.00022
-0.00043
-0.00035
-0.00004
0.00036
0.00057
0.00039
-0.00008
-0.00044
-0.00038
-0.00003
0.00021
0.00005
-0.00034
-0.00051
-0.00022
0.00033
0.00068
0.00062
0.00023
-0.00027
-0.00059
-0.00054
-0.00017
0.00023
0.00033
0.00009
-0.00024
-0.00034
-0.00014
0.00016
0.00033
0.00032
0.00020
0.00001
-0.00014
-0.00011
0.00009
0.00016
-0.00009
-0.00042
-0.00047
-0.00013
0.00036
0.00057
0.00030
-0.00022
-0.00059
-0.00059
-0.00024
0.00030
0.00063
0.00046
-0.00006
-0.00047
-0.00049
-0.00019
0.00007
0.00012
0.00012
0.00022
0.00032
0.00030
0.00023
0.00013
-0.00008
-0.00039
-0.00062
-0.00054
-0.00013
0.00030
0.00046
0.00030
-0.00001
-0.00027
-0.00029
-0.00010
0.00016
0.00033
0.00025
-0.00008
-0.00035
-0.00026
0.00004
0.00019
0.00011
-0.00001
-0.00007
-0.00001
0.00007
0.00004
-0.00011
-0.00024
-0.00026
-0.00012
0.00018
0.00046
0.00048
0.00025
-0.00005
-0.00032
-0.00044
-0.00032
-0.00007
0.00009
0.00011
0.00003
-0.00009
-0.00018
-0.00011
0.00006
0.00020
0.00022
0.00015
0.00008
0.00003
-0.00004
-0.00018
-0.00035
-0.00041
-0.00023
0.00013
0.00042
0.00049
0.00035
0.00010
-0.00018
-0.00033
-0.00030
-0.00016
0.00000
0.00007
0.00001
-0.00005
-0.00003
-0.00004
-0.00007
0.00002
0.00020
0.00030
0.00025
0.00013
-0.00002
-0.00014
-0.00026
-0.00041
-0.00049
-0.00029
0.00011
0.00042
0.00046
0.00030
0.00004
-0.00019
-0.00027
-0.00017
-0.00002
0.00005
0.00002
-0.00003
-0.00003
0.00002
0.00009
0.00016
0.00015
0.00006
-0.00006
-0.00016
-0.00022
-0.00021
-0.00017
-0.00013
-0.00003
0.00013
0.00027
0.00035
0.00035
0.00021
-0.00004
-0.00027
-0.00039
-0.00034
-0.00007
0.00020
0.00021
-0.00002
-0.00021
-0.00024
-0.00016
-0.00001
0.00019
0.00038
0.00045
0.00031
0.00003
-0.00023
-0.00042
-0.00053
-0.00047
-0.00022
0.00009
0.00029
0.00038
0.00043
0.00039
0.00016
-0.00022
-0.00049
-0.00040
-0.00008
0.00017
0.00020
0.00007
-0.00012
-0.00022
-0.00017
-0.00002
0.00022
0.00045
0.00042
0.00006
-0.00029
-0.00037
-0.00029
-0.00022
-0.00014
0.00001
0.00019
0.00026
0.00020
0.00007
-0.00001
-0.00007
-0.00022
-0.00033
-0.00016
0.00023
0.00046
0.00033
-0.00005
-0.00039
-0.00049
-0.00032
0.00004
0.00042
0.00063
0.00051
0.00010
-0.00032
-0.00049
-0.00038
-0.00022
-0.00010
0.00003
0.00019
0.00026
0.00025
0.00021
0.00014
0.00002
-0.00012
-0.00020
-0.00017
-0.00001
0.00013
0.00001
-0.00031
-0.00051
-0.00041
-0.00007
0.00039
0.00075
0.00077
0.00040
-0.00016
-0.00067
-0.00086
-0.00060
-0.00012
0.00026
0.00045
0.00053
0.00049
0.00035
0.00014
-0.00012
-0.00039
-0.00053
-0.00046
-0.00023
0.00005
0.00030
0.00034
0.00010
-0.00022
-0.00032
-0.00012
0.00022
0.00045
0.00041
0.00018
-0.00009
-0.00033
-0.00048
-0.00039
-0.00005
0.00029
0.00039
0.00024
0.00006
-0.00005
-0.00012
-0.00017
-0.00018
-0.00009
0.00010
0.00025
0.00019
-0.00002
-0.00025
-0.00042
-0.00049
-0.00032
0.00013
0.00059
0.00075
0.00059
0.00029
-0.00003
-0.00034
-0.00064
-0.00080
-0.00061
-0.00013
0.00034
0.00051
0.00041
0.00027
0.00020
0.00018
0.00014
0.00005
-0.00006
-0.00018
-0.00032
-0.00038
-0.00030
-0.00013
0.00004
0.00017
0.00026
0.00030
0.00025
0.00006
-0.00015
-0.00019
-0.00011
-0.00012
-0.00020
-0.00015
0.00011
0.00043
0.00054
0.00029
-0.00022
-0.00063
-0.00065
-0.00031
0.00014
0.00044
0.00041
0.00015
-0.00010
-0.00019
-0.00013
-0.00006
-0.00005
-0.00005
0.00003
0.00020
0.00032
0.00030
0.00017
0.00001
-0.00013
-0.00031
-0.00047
-0.00041
-0.00011
0.00020
0.00029
0.00014
-0.00006
-0.00004
0.00026
0.00055
0.00048
0.00007
-0.00048
-0.00086
-0.00075
-0.00018
0.00038
0.00054
0.00039
0.00016
-0.00001
-0.00001
0.00009
0.00003
-0.00022
-0.00043
-0.00048
-0.00036
-0.00004
0.00037
0.00065
0.00065
0.00039
-0.00002
-0.00035
-0.00040
-0.00022
-0.00008
-0.00010
-0.00025
-0.00032
-0.00015
0.00025
0.00060
0.00060
0.00022
-0.00024
-0.00044
-0.00033
-0.00002
0.00025
0.00028
0.00005
-0.00015
-0.00007
0.00012
0.00019
0.00006
-0.00021
-0.00048
-0.00050
-0.00021
0.00021
0.00058
0.00071
0.00044
-0.00014
-0.00058
-0.00058
-0.00026
0.00009
0.00021
0.00007
-0.00005
0.00005
0.00025
0.00036
0.00035
0.00021
-0.00010
-0.00044
-0.00055
-0.00040
-0.00015
0.00004
0.00011
0.00012
0.00016
0.00020
0.00016
0.00002
-0.00016
-0.00025
-0.00023
-0.00014
0.00006
0.00034
0.00052
0.00042
0.00012
-0.00016
-0.00028
-0.00023
-0.00010
-0.00005
-0.00012
-0.00018
-0.00016
-0.00003
0.00014
0.00021
0.00010
-0.00004
-0.00009
-0.00001
0.00012
0.00024
0.00025
0.00011
-0.00006
-0.00018
-0.00025
-0.00025
-0.00020
-0.00012
-0.00005
-0.00001
0.00000
0.00006
0.00017
0.00026
0.00025
0.00015
0.00005
0.00000
0.00001
-0.00004
-0.00019
-0.00034
-0.00033
-0.00017
0.00010
0.00042
0.00060
0.00046
0.00006
-0.00033
-0.00049
-0.00036
-0.00015
-0.00009
-0.00012
-0.00001
0.00023
0.00038
0.00034
0.00017
0.00001
-0.00011
-0.00023
-0.00033
-0.00026
-0.00001
0.00017
0.00012
-0.00005
-0.00013
-0.00009
-0.00005
-0.00007
-0.00002
0.00015
0.00026
0.00019
0.00013
0.00020
0.00023
0.00008
-0.00017
-0.00033
-0.00027
-0.00005
0.00008
-0.00001
-0.00014
-0.00017
-0.00015
-0.00007
0.00019
0.00048
0.00052
0.00026
-0.00012
-0.00037
-0.00037
-0.00017
-0.00003
-0.00002
0.00001
0.00006
0.00000
-0.00013
-0.00016
-0.00009
-0.00004
-0.00002
0.00006
0.00023
0.00040
0.00044
0.00025
-0.00009
-0.00035
-0.00042
-0.00032
-0.00015
0.00006
0.00020
0.00017
0.00002
-0.00009
-0.00011
-0.00005
0.00006
0.00017
0.00018
0.00012
0.00011
0.00011
-0.00002
-0.00023
-0.00036
-0.00034
-0.00016
0.00015
0.00036
0.00034
0.00019
0.00000
-0.00017
-0.00022
-0.00005
0.00015
0.00020
0.00011
-0.00004
-0.00020
-0.00028
-0.00029
-0.00027
-0.00017
0.00005
0.00030
0.00042
0.00042
0.00036
0.00017
-0.00017
-0.00052
-0.00062
-0.00035
0.00009
0.00041
0.00048
0.00030
0.00003
-0.00022
-0.00033
-0.00020
0.00009
0.00029
0.00019
-0.00005
-0.00015
-0.00010
-0.00007
-0.00011
-0.00015
-0.00012
0.00001
0.00020
0.00031
0.00031
0.00022
0.00001
-0.00032
-0.00055
-0.00041
0.00002
0.00037
0.00040
0.00016
-0.00014
-0.00032
-0.00030
-0.00007
0.00027
0.00048
0.00040
0.00012
-0.00015
-0.00023
-0.00015
-0.00006
-0.00007
-0.00013
-0.00010
0.00006
0.00026
0.00040
0.00030
-0.00007
-0.00049
-0.00064
-0.00049
-0.00011
0.00030
0.00051
0.00039
0.00015
-0.00005
-0.00013
-0.00005
0.00015
0.00021
0.00001
-0.00028
-0.00044
-0.00034
