0.00159
-0.00153
-0.00093
0.00024
-0.00392
-0.00191
0.00375
0.00217
0.00401
0.00988
0.00553
0.00492
0.02384
0.03758
0.02323
-0.00462
-0.02862
-0.04958
-0.06239
-0.05423
-0.03370
-0.01961
-0.00688
0.01083
0.02070
0.02295
0.02457
0.01710
0.00635
0.00484
0.00257
-0.00004
0.00611
0.00699
0.00224
0.00580
0.00559
0.00115
0.00721
0.00883
0.00389
0.00952
0.01031
0.00470
0.01177
0.01249
0.00589
0.01487
0.01499
0.00957
0.03004
0.02850
-0.00532
-0.01000
-0.02806
-0.07513
-0.05312
-0.05236
-0.20028
-0.30589
-0.21499
-0.02292
0.22167
0.45812
0.50637
0.35377
0.16869
0.03272
-0.05456
-0.04500
0.00437
0.00492
-0.00840
-0.01998
-0.06033
-0.09936
-0.12547
-0.15964
-0.17678
-0.16941
-0.15727
-0.12383
-0.07387
-0.03794
-0.00635
0.02284
0.02945
0.02622
0.02106
0.00244
-0.01600
-0.02685
-0.03841
-0.03884
-0.02913
-0.02615
-0.02194
-0.01390
-0.01335
-0.01079
-0.00269
-0.00041
0.00143
0.00434
0.00032
-0.00293
-0.00441
-0.01265
-0.01848
-0.01786
-0.01921
-0.01664
-0.00905
-0.00719
-0.00723
-0.00600
-0.00806
-0.00620
0.00027
0.00235
0.00379
0.00537
0.00153
0.00018
0.00601
0.01303
0.02190
0.02983
0.03007
0.02855
0.02849
0.02661
0.02875
0.03429
0.03470
0.03345
0.03339
0.03124
0.03144
0.03464
0.03539
0.03689
0.03976
0.03934
0.03978
0.04168
0.03905
0.03556
0.03377
0.03026
0.02889
0.03014
0.02779
0.02430
0.02177
0.01736
0.01579
0.01915
0.02158
0.02285
0.02311
0.01935
0.01514
0.01351
0.01252
0.01364
0.01587
0.01475
0.01315
0.01332
0.01265
0.01339
0.01590
0.01640
0.01624
0.01597
0.01412
0.01403
0.01583
0.01569
0.01569
0.01694
0.01656
0.01661
0.01840
0.01921
0.01971
0.01997
0.01889
0.01921
0.02066
0.02039
0.01976
0.01849
0.01545
0.01397
0.01395
0.01426
0.01875
0.02445
0.02528
0.02432
0.02249
0.01709
0.01320
0.01345
0.01285
0.01203
0.01288
0.01274
0.01304
0.01428
0.01344
0.01250
0.01227
0.01081
0.01088
0.01324
0.01417
0.01403
0.01419
0.01347
0.01339
0.01406
0.01319
0.01250
0.01197
0.00957
0.00859
0.01022
0.01131
0.01188
0.01216
0.01107
0.01036
0.01033
0.00970
0.01040
0.01166
0.01056
0.00968
0.01036
0.01041
0.01093
0.01200
0.01164
0.01122
0.01104
0.00997
0.01058
0.01268
0.01263
0.01192
0.01172
0.01013
0.00924
0.01021
0.01080
0.01152
0.01221
0.01133
0.01103
0.01210
0.01205
0.01169
0.01204
0.01126
0.01004
0.00928
0.00851
0.00884
0.00946
0.00908
0.00974
0.01098
0.01050
0.01005
0.01031
0.00916
0.00788
0.00751
0.00714
0.00801
0.00900
0.00786
0.00691
0.00664
0.00539
0.00524
0.00670
0.00707
0.00678
0.00667
0.00585
0.00581
0.00669
0.00629
0.00579
0.00584
0.00468
0.00388
0.00456
0.00483
0.00494
0.00522
0.00465
0.00442
0.00452
0.00366
0.00340
0.00349
0.00234
0.00160
0.00169
0.00139
0.00134
0.00114
-0.00008
-0.00096
-0.00140
-0.00228
-0.00198
-0.00066
-0.00075
-0.00140
-0.00204
-0.00353
-0.00419
-0.00362
-0.00310
-0.00195
-0.00115
-0.00202
-0.00272
-0.00302
-0.00373
-0.00316
-0.00260
-0.00497
-0.00785
-0.00935
-0.01047
-0.00954
-0.00678
-0.00566
-0.00564
-0.00540
-0.00613
-0.00666
-0.00627
-0.00675
-0.00741
-0.00765
-0.00823
-0.00824
-0.00792
-0.00883
-0.01015
-0.01091
-0.01188
-0.01217
-0.01134
-0.01121
-0.01124
-0.01121
-0.01208
-0.01233
-0.01191
-0.01200
-0.01169
-0.01112
-0.01142
-0.01188
-0.01212
-0.01293
-0.01349
-0.01340
-0.01370
-0.01348
-0.01280
-0.01319
-0.01353
-0.01355
-0.01421
-0.01444
-0.01415
-0.01433
-0.01424
-0.01394
-0.01440
-0.01445
-0.01396
-0.01418
-0.01398
-0.01327
-0.01336
-0.01350
-0.01361
-0.01439
-0.01446
-0.01366
-0.01324
-0.01245
-0.01167
-0.01211
-0.01252
-0.01243
-0.01262
-0.01239
-0.01172
-0.01160
-0.01129
-0.01064
-0.01072
-0.01061
-0.01028
-0.01104
-0.01145
-0.01100
-0.01073
-0.00988
-0.00907
-0.00938
-0.00970
-0.00975
-0.01003
-0.00954
-0.00865
-0.00889
-0.00933
-0.00943
-0.00973
-0.00921
-0.00823
-0.00801
-0.00786
-0.00788
-0.00878
-0.00912
-0.00867
-0.00866
-0.00830
-0.00763
-0.00767
-0.00763
-0.00761
-0.00826
-0.00856
-0.00835
-0.00831
-0.00774
-0.00667
-0.00659
-0.00697
-0.00710
-0.00775
-0.00794
-0.00742
-0.00740
-0.00706
-0.00638
-0.00655
-0.00662
-0.00622
-0.00653
-0.00668
-0.00612
-0.00603
-0.00579
-0.00535
-0.00585
-0.00609
-0.00581
-0.00605
-0.00572
-0.00491
-0.00505
-0.00547
-0.00567
-0.00621
-0.00625
-0.00564
-0.00549
-0.00531
-0.00483
-0.00514
-0.00555
-0.00548
-0.00612
-0.00667
-0.00614
-0.00562
-0.00482
-0.00394
-0.00434
-0.00504
-0.00523
-0.00571
-0.00570
-0.00479
-0.00462
-0.00497
-0.00504
-0.00560
-0.00567
-0.00489
-0.00479
-0.00479
-0.00464
-0.00523
-0.00548
-0.00487
-0.00467
-0.00460
-0.00426
-0.00441
-0.00439
-0.00403
-0.00454
-0.00516
-0.00528
-0.00561
-0.00532
-0.00419
-0.00368
-0.00377
-0.00402
-0.00492
-0.00543
-0.00511
-0.00502
-0.00455
-0.00369
-0.00370
-0.00391
-0.00391
-0.00443
-0.00496
-0.00506
-0.00512
-0.00474
-0.00386
-0.00378
-0.00422
-0.00439
-0.00490
-0.00504
-0.00426
-0.00406
-0.00425
-0.00447
-0.00524
-0.00544
-0.00487
-0.00474
-0.00451
-0.00408
-0.00432
-0.00458
-0.00445
-0.00467
-0.00483
-0.00455
-0.00453
-0.00423
-0.00356
-0.00376
-0.00427
-0.00447
-0.00506
-0.00515
-0.00427
-0.00365
-0.00325
-0.00308
-0.00380
-0.00426
-0.00391
-0.00395
-0.00392
-0.00349
-0.00365
-0.00370
-0.00323
-0.00330
-0.00351
-0.00355
-0.00409
-0.00413
-0.00346
-0.00341
-0.00361
-0.00364
-0.00416
-0.00440
-0.00371
-0.00314
-0.00272
-0.00256
-0.00349
-0.00435
-0.00426
-0.00410
-0.00359
-0.00274
-0.00264
-0.00294
-0.00311
-0.00368
-0.00424
-0.00432
-0.00452
-0.00420
-0.00302
-0.00251
-0.00259
-0.00279
-0.00367
-0.00424
-0.00394
-0.00352
-0.00296
-0.00247
-0.00278
-0.00329
-0.00319
-0.00318
-0.00322
-0.00281
-0.00305
-0.00347
-0.00325
-0.00332
-0.00311
-0.00272
-0.00324
-0.00340
-0.00279
-0.00245
-0.00219
-0.00224
-0.00299
-0.00349
-0.00327
-0.00276
-0.00196
-0.00137
-0.00180
-0.00257
-0.00292
-0.00322
-0.00322
-0.00273
-0.00252
-0.00237
-0.00200
-0.00214
-0.00230
-0.00227
-0.00282
-0.00308
-0.00257
-0.00215
-0.00180
-0.00169
-0.00239
-0.00311
-0.00318
-0.00289
-0.00215
-0.00140
-0.00177
-0.00252
-0.00276
-0.00281
-0.00239
-0.00171
-0.00161
-0.00174
-0.00186
-0.00226
-0.00249
-0.00236
-0.00264
-0.00283
-0.00233
-0.00192
-0.00146
-0.00109
-0.00169
-0.00245
-0.00284
-0.00302
-0.00236
-0.00126
-0.00097
-0.00133
-0.00177
-0.00228
-0.00239
-0.00205
-0.00204
-0.00203
-0.00174
-0.00171
-0.00145
-0.00113
-0.00157
-0.00210
-0.00221
-0.00215
-0.00170
-0.00130
-0.00161
-0.00218
-0.00248
-0.00253
-0.00204
-0.00101
-0.00075
-0.00140
-0.00207
-0.00287
-0.00294
-0.00205
-0.00153
-0.00116
-0.00096
-0.00148
-0.00170
-0.00159
-0.00198
-0.00232
-0.00229
-0.00209
-0.00135
-0.00051
-0.00062
-0.00125
-0.00187
-0.00255
-0.00242
-0.00156
-0.00108
-0.00103
-0.00131
-0.00191
-0.00211
-0.00174
-0.00154
-0.00150
-0.00141
-0.00179
-0.00201
-0.00161
-0.00157
-0.00175
-0.00186
-0.00217
-0.00179
-0.00094
-0.00078
-0.00115
-0.00197
-0.00300
-0.00317
-0.00224
-0.00127
-0.00083
-0.00100
-0.00194
-0.00277
-0.00281
-0.00272
-0.00236
-0.00175
-0.00174
-0.00186
-0.00174
-0.00199
-0.00242
-0.00279
-0.00327
-0.00315
-0.00224
-0.00167
-0.00153
-0.00177
-0.00269
-0.00322
-0.00278
-0.00220
-0.00178
-0.00185
-0.00272
-0.00337
-0.00316
-0.00281
-0.00234
-0.00188
-0.00213
-0.00247
-0.00242
-0.00252
-0.00253
-0.00254
-0.00294
-0.00290
-0.00233
-0.00195
-0.00172
-0.00201
-0.00304
-0.00391
-0.00390
-0.00318
-0.00215
-0.00146
-0.00188
-0.00281
-0.00328
-0.00352
-0.00331
-0.00271
-0.00268
-0.00282
-0.00262
-0.00261
-0.00269
-0.00289
-0.00368
-0.00411
-0.00360
-0.00303
-0.00245
-0.00222
-0.00297
-0.00380
-0.00397
-0.00355
-0.00259
-0.00172
-0.00198
-0.00297
-0.00361
-0.00400
-0.00370
-0.00270
-0.00239
-0.00243
-0.00246
-0.00270
-0.00261
-0.00255
-0.00313
-0.00375
-0.00372
-0.00323
-0.00251
-0.00175
-0.00200
-0.00285
-0.00332
-0.00358
-0.00303
-0.00207
-0.00198
-0.00233
-0.00279
-0.00327
-0.00322
-0.00274
-0.00247
-0.00259
-0.00273
-0.00296
-0.00292
-0.00246
-0.00258
-0.00303
-0.00303
-0.00295
-0.00243
-0.00168
-0.00187
-0.00267
-0.00350
-0.00406
-0.00351
-0.00217
-0.00145
-0.00161
-0.00232
-0.00336
-0.00385
-0.00351
-0.00298
-0.00244
-0.00207
-0.00220
-0.00228
-0.00205
-0.00222
-0.00265
-0.00293
-0.00319
-0.00288
-0.00205
-0.00168
-0.00178
-0.00239
-0.00334
-0.00357
-0.00290
-0.00220
-0.00192
-0.00217
-0.00283
-0.00315
-0.00283
-0.00240
-0.00209
-0.00206
-0.00248
-0.00276
-0.00248
-0.00234
-0.00259
-0.00286
-0.00327
-0.00320
-0.00232
-0.00172
-0.00156
-0.00188
-0.00313
-0.00388
-0.00344
-0.00259
-0.00160
-0.00125
-0.00202
-0.00286
-0.00322
-0.00323
-0.00275
-0.00225
-0.00238
-0.00263
-0.00250
-0.00237
-0.00232
-0.00237
-0.00283
-0.00303
-0.00259
-0.00219
-0.00189
-0.00191
-0.00269
-0.00341
-0.00323
-0.00252
-0.00162
-0.00108
-0.00161
-0.00257
-0.00314
-0.00333
-0.00279
-0.00189
-0.00166
-0.00182
-0.00195
-0.00212
-0.00206
-0.00215
-0.00278
-0.00323
-0.00304
-0.00244
-0.00165
-0.00113
-0.00152
-0.00254
-0.00308
-0.00301
-0.00232
-0.00130
-0.00120
-0.00164
-0.00203
-0.00260
-0.00253
-0.00199
-0.00176
-0.00167
-0.00164
-0.00160
-0.00135
-0.00114
-0.00148
-0.00212
-0.00229
-0.00213
-0.00159
-0.00086
-0.00098
-0.00178
-0.00252
-0.00291
-0.00239
-0.00124
-0.00076
-0.00102
-0.00154
-0.00232
-0.00250
-0.00183
-0.00126
-0.00084
-0.00079
-0.00121
-0.00132
-0.00121
-0.00133
-0.00153
-0.00169
-0.00171
-0.00131
-0.00052
-0.00012
-0.00035
-0.00093
-0.00171
-0.00183
-0.00098
-0.00024
-0.00002
-0.00022
-0.00099
-0.00160
-0.00146
-0.00112
-0.00076
-0.00047
-0.00069
-0.00079
-0.00043
-0.00036
-0.00058
-0.00089
-0.00126
-0.00110
-0.00034
0.00030
0.00040
-0.00009
-0.00113
-0.00187
-0.00148
-0.00059
0.00022
0.00068
0.00016
-0.00058
-0.00078
-0.00074
-0.00026
0.00022
0.00010
-0.00008
0.00001
0.00006
0.00001
-0.00013
-0.00054
-0.00071
-0.00027
0.00025
0.00072
0.00088
0.00028
-0.00037
-0.00043
-0.00006
0.00061
0.00107
0.00076
0.00020
-0.00012
-0.00027
0.00007
0.00062
0.00064
0.00045
0.00038
0.00034
0.00051
0.00064
0.00036
0.00012
0.00026
0.00058
0.00117
0.00166
0.00129
0.00043
-0.00015
-0.00026
0.00033
0.00129
0.00163
0.00128
0.00072
0.00002
-0.00012
0.00049
0.00097
0.00135
0.00156
0.00134
0.00127
0.00123
0.00077
0.00036
0.00027
0.00039
0.00102
0.00188
0.00211
0.00174
0.00119
0.00070
0.00088
0.00160
0.00203
0.00207
0.00178
0.00114
0.00082
0.00115
0.00149
0.00178
0.00195
0.00173
0.00169
0.00182
0.00164
0.00140
0.00120
0.00105
0.00128
0.00193
0.00244
0.00249
0.00217
0.00150
0.00111
0.00140
0.00180
0.00215
0.00230
0.00195
0.00151
0.00145
0.00157
0.00180
0.00209
0.00204
0.00193
0.00200
0.00183
0.00165
0.00157
0.00142
0.00159
0.00209
0.00251
0.00265
0.00239
0.00173
0.00129
0.00160
0.00217
0.00275
0.00317
0.00284
0.00220
0.00179
0.00155
0.00181
0.00237
0.00255
0.00263
0.00277
0.00259
0.00235
0.00221
0.00185
0.00169
0.00197
0.00230
0.00271
0.00298
0.00267
0.00223
0.00205
0.00206
0.00237
0.00282
0.00296
0.00281
0.00263
0.00238
0.00234
0.00265
0.00281
0.00284
0.00311
0.00317
0.00307
0.00297
0.00252
0.00225
0.00239
0.00256
0.00302
0.00346
0.00334
0.00299
0.00263
0.00242
0.00260
0.00305
0.00339
0.00339
0.00315
0.00265
0.00221
0.00231
0.00252
0.00282
0.00329
0.00342
0.00344
0.00336
0.00297
0.00283
0.00295
0.00307
0.00336
0.00369
0.00366
0.00332
0.00303
0.00279
0.00285
0.00331
0.00353
0.00359
0.00361
0.00321
0.00290
0.00301
0.00308
0.00333
0.00374
0.00381
0.00382
0.00379
0.00326
0.00280
0.00262
0.00248
0.00274
0.00325
0.00356
0.00374
0.00372
0.00344
0.00324
0.00329
0.00331
0.00337
0.00360
0.00361
0.00346
0.00344
0.00321
0.00299
0.00306
0.00311
0.00334
0.00375
0.00372
0.00344
0.00327
0.00312
0.00321
0.00362
0.00381
0.00377
0.00375
0.00339
0.00317
0.00345
0.00352
0.00367
0.00387
0.00356
0.00341
0.00332
0.00309
0.00321
0.00332
0.00341
0.00368
0.00393
0.00404
0.00382
0.00343
0.00302
0.00278
0.00303
0.00336
0.00361
0.00387
0.00375
0.00356
0.00371
0.00377
0.00378
0.00384
0.00361
0.00345
0.00351
0.00341
0.00330
0.00327
0.00310
0.00311
0.00349
0.00379
0.00388
0.00383
0.00340
0.00305
0.00317
0.00340
0.00377
0.00402
0.00369
0.00318
0.00284
0.00281
0.00308
0.00341
0.00350
0.00338
0.00339
0.00342
0.00339
0.00340
0.00312
0.00280
0.00295
0.00323
0.00361
0.00396
0.00370
0.00322
0.00294
0.00270
0.00281
0.00313
0.00309
0.00289
0.00284
0.00286
0.00315
0.00356
0.00356
0.00326
0.00289
0.00252
0.00253
0.00284
0.00295
0.00283
0.00271
0.00271
0.00301
0.00339
0.00330
0.00282
0.00233
0.00192
0.00208
0.00271
0.00312
0.00320
0.00293
0.00249
0.00229
0.00246
0.00270
0.00271
0.00268
0.00241
0.00220
0.00250
0.00260
0.00250
0.00235
0.00190
0.00189
0.00237
0.00273
0.00285
0.00258
0.00197
0.00165
0.00195
0.00240
0.00268
0.00259
0.00201
0.00168
0.00190
0.00225
0.00261
0.00275
0.00245
0.00207
0.00190
0.00191
0.00199
0.00198
0.00177
0.00161
0.00193
0.00242
0.00274
0.00283
0.00229
0.00154
0.00128
0.00133
0.00178
0.00225
0.00202
0.00160
0.00149
0.00169
0.00208
0.00232
0.00206
0.00148
0.00121
0.00127
0.00171
0.00238
0.00241
0.00206
0.00190
0.00176
0.00192
0.00216
0.00194
0.00151
0.00114
0.00102
0.00137
0.00201
0.00225
0.00182
0.00118
0.00067
0.00070
0.00136
0.00186
0.00190
0.00170
0.00120
0.00102
0.00139
0.00149
0.00122
0.00082
0.00048
0.00082
0.00158
0.00206
0.00210
0.00169
0.00103
0.00068
0.00090
0.00126
0.00138
0.00123
0.00081
0.00068
0.00110
0.00152
0.00171
0.00152
0.00080
0.00020
0.00023
0.00067
0.00124
0.00148
0.00117
0.00093
0.00116
0.00148
0.00169
0.00152
0.00087
0.00031
0.00040
0.00095
0.00156
0.00181
0.00128
0.00054
0.00034
0.00051
0.00099
0.00142
0.00121
0.00062
0.00022
0.00017
0.00053
0.00107
0.00103
0.00055
0.00028
0.00021
0.00054
0.00108
0.00111
0.00089
0.00067
0.00056
0.00090
0.00124
0.00103
0.00039
-0.00016
-0.00026
0.00018
0.00099
0.00139
0.00112
0.00060
-0.00000
-0.00023
0.00015
0.00044
0.00050
0.00054
0.00037
0.00048
0.00094
0.00098
0.00067
0.00009
-0.00064
-0.00080
-0.00029
0.00033
0.00057
0.00041
0.00004
-0.00018
0.00031
0.00082
0.00090
0.00070
-0.00015
-0.00075
-0.00053
-0.00021
0.00031
0.00060
0.00030
0.00007
-0.00005
-0.00009
-0.00005
-0.00014
-0.00036
-0.00039
0.00003
0.00061
0.00101
0.00103
0.00038
-0.00039
-0.00062
-0.00040
0.00020
0.00074
0.00060
0.00007
-0.00031
-0.00045
-0.00028
0.00001
-0.00011
-0.00042
-0.00051
-0.00048
-0.00013
0.00036
0.00033
0.00004
-0.00016
-0.00033
-0.00019
0.00005
-0.00019
-0.00060
-0.00086
-0.00094
-0.00041
0.00039
0.00064
0.00036
-0.00031
-0.00103
-0.00119
-0.00092
-0.00058
-0.00033
-0.00014
-0.00009
-0.00009
0.00005
-0.00004
-0.00045
-0.00080
-0.00104
-0.00088
-0.00028
0.00006
-0.00002
-0.00028
-0.00079
-0.00108
-0.00079
-0.00042
-0.00020
-0.00020
-0.00067
-0.00103
-0.00084
-0.00060
-0.00032
-0.00014
-0.00043
-0.00077
-0.00089
-0.00089
-0.00074
-0.00060
-0.00069
-0.00063
-0.00029
-0.00016
-0.00031
-0.00067
-0.00130
-0.00172
-0.00162
-0.00113
-0.00031
0.00040
0.00039
-0.00015
-0.00070
-0.00117
-0.00139
-0.00125
-0.00113
-0.00090
-0.00052
-0.00034
-0.00020
-0.00017
-0.00052
-0.00099
-0.00111
-0.00095
-0.00069
-0.00042
-0.00062
-0.00092
-0.00096
-0.00092
-0.00052
-0.00003
0.00002
-0.00031
-0.00085
-0.00139
-0.00161
-0.00132
-0.00084
-0.00035
0.00010
0.00002
-0.00040
-0.00067
-0.00100
-0.00119
-0.00114
-0.00100
-0.00053
-0.00002
0.00002
-0.00030
-0.00071
-0.00116
-0.00127
-0.00093
-0.00060
-0.00036
-0.00030
-0.00056
-0.00075
-0.00082
-0.00109
-0.00128
-0.00121
-0.00111
-0.00097
-0.00076
-0.00076
-0.00078
-0.00065
-0.00066
-0.00060
-0.00034
-0.00035
-0.00057
-0.00090
-0.00136
-0.00156
-0.00132
-0.00086
-0.00031
0.00006
-0.00018
-0.00078
-0.00123
-0.00162
-0.00184
-0.00172
-0.00146
-0.00087
-0.00012
0.00014
-0.00008
-0.00067
-0.00137
-0.00162
-0.00127
-0.00078
-0.00046
-0.00040
-0.00072
-0.00103
-0.00107
-0.00111
-0.00096
-0.00063
-0.00054
-0.00060
-0.00073
-0.00092
-0.00099
-0.00099
-0.00102
-0.00103
-0.00087
-0.00069
-0.00065
-0.00067
-0.00103
-0.00143
-0.00125
-0.00079
-0.00014
0.00038
0.00009
-0.00062
-0.00122
-0.00161
-0.00153
-0.00109
-0.00068
-0.00025
0.00015
0.00020
-0.00009
-0.00064
-0.00141
-0.00182
-0.00164
-0.00113
-0.00041
0.00015
0.00019
-0.00026
-0.00085
-0.00127
-0.00118
-0.00060
-0.00030
-0.00047
-0.00082
-0.00128
-0.00117
-0.00047
0.00010
0.00040
0.00025
-0.00025
-0.00054
-0.00061
-0.00078
-0.00104
-0.00116
-0.00107
-0.00062
0.00002
0.00018
-0.00013
-0.00075
-0.00151
-0.00175
-0.00124
-0.00053
0.00002
0.00023
-0.00020
-0.00084
-0.00114
-0.00127
-0.00106
-0.00070
-0.00073
-0.00077
-0.00049
-0.00016
0.00001
-0.00019
-0.00082
-0.00125
-0.00093
-0.00028
0.00039
0.00067
0.00010
-0.00066
-0.00101
-0.00089
-0.00034
0.00007
-0.00010
-0.00061
-0.00114
-0.00141
-0.00116
-0.00042
0.00030
0.00065
0.00063
0.00037
0.00010
-0.00010
-0.00051
-0.00096
-0.00106
-0.00078
-0.00007
0.00075
0.00099
0.00038
-0.00064
-0.00145
-0.00147
-0.00064
0.00018
0.00041
0.00024
-0.00022
-0.00053
-0.00037
-0.00019
-0.00012
-0.00022
-0.00063
-0.00077
-0.00047
-0.00019
-0.00002
-0.00009
-0.00046
-0.00059
-0.00031
0.00007
0.00042
0.00029
-0.00042
-0.00097
-0.00089
-0.00023
0.00059
0.00095
0.00056
-0.00024
-0.00082
-0.00103
-0.00077
-0.00016
0.00015
0.00030
0.00058
0.00066
0.00060
0.00022
-0.00055
-0.00108
-0.00105
-0.00047
0.00044
0.00111
0.00108
0.00043
-0.00025
-0.00054
-0.00023
0.00054
0.00090
0.00064
0.00020
-0.00028
-0.00022
0.00048
0.00099
0.00108
0.00077
0.00018
-0.00007
0.00002
0.00003
-0.00011
-0.00031
-0.00036
0.00004
0.00077
0.00129
0.00121
0.00056
-0.00031
-0.00076
-0.00038
0.00035
0.00095
0.00120
0.00074
0.00010
-0.00016
-0.00023
-0.00011
0.00007
0.00005
0.00017
0.00053
0.00086
0.00092
0.00059
-0.00003
-0.00046
-0.00029
0.00030
0.00088
0.00103
0.00048
-0.00026
-0.00056
-0.00032
0.00032
0.00088
0.00081
0.00019
-0.00051
-0.00092
-0.00071
0.00004
0.00063
0.00086
0.00093
0.00069
0.00038
0.00021
-0.00012
-0.00041
-0.00035
-0.00003
0.00064
0.00142
0.00161
0.00122
0.00052
-0.00017
-0.00037
-0.00012
0.00021
0.00046
0.00049
0.00029
0.00016
0.00032
0.00048
0.00050
0.00042
0.00029
0.00034
0.00066
0.00084
0.00073
0.00039
-0.00017
-0.00043
-0.00010
0.00044
0.00079
0.00067
0.00004
-0.00043
-0.00030
0.00019
0.00084
0.00126
0.00114
0.00069
0.00018
-0.00022
-0.00029
-0.00012
0.00008
0.00025
0.00053
0.00069
0.00058
0.00038
-0.00007
-0.00052
-0.00051
-0.00022
0.00036
0.00086
0.00077
0.00041
0.00007
-0.00004
0.00019
0.00038
0.00028
-0.00003
-0.00036
-0.00046
-0.00019
0.00029
0.00060
0.00062
0.00050
0.00034
0.00026
0.00022
-0.00004
-0.00031
-0.00032
-0.00023
0.00011
0.00064
0.00086
0.00079
0.00046
-0.00012
-0.00040
-0.00024
0.00012
0.00055
0.00082
0.00076
0.00053
0.00039
0.00015
-0.00012
-0.00023
-0.00028
-0.00001
0.00055
0.00081
0.00063
0.00008
-0.00052
-0.00072
-0.00039
0.00012
0.00034
0.00034
0.00010
-0.00018
-0.00005
0.00017
0.00039
0.00053
0.00028
-0.00001
-0.00011
-0.00010
0.00008
0.00029
0.00034
0.00038
0.00042
0.00040
0.00041
0.00029
-0.00009
-0.00049
-0.00059
-0.00034
0.00001
0.00029
0.00022
-0.00008
-0.00008
-0.00001
0.00012
0.00027
-0.00001
-0.00024
-0.00014
0.00011
0.00053
0.00074
0.00048
0.00005
-0.00024
-0.00029
-0.00006
0.00033
0.00048
0.00033
0.00007
-0.00011
0.00015
0.00076
0.00108
0.00094
0.00051
-0.00013
-0.00044
-0.00016
0.00017
0.00047
0.00056
0.00014
-0.00010
0.00005
0.00019
0.00024
0.00005
-0.00020
-0.00004
0.00042
0.00081
0.00092
0.00067
0.00012
-0.00027
-0.00017
0.00015
0.00039
0.00036
0.00003
-0.00025
-0.00013
0.00028
0.00070
0.00088
0.00049
-0.00029
-0.00069
-0.00049
0.00017
0.00089
0.00088
0.00039
-0.00000
-0.00018
0.00011
0.00047
0.00039
0.00003
-0.00042
-0.00053
-0.00007
0.00060
0.00086
0.00057
0.00018
-0.00010
0.00003
0.00049
0.00063
0.00050
0.00013
-0.00029
-0.00030
-0.00004
0.00021
0.00007
-0.00035
-0.00072
-0.00074
-0.00014
0.00044
0.00059
0.00039
-0.00025
-0.00056
-0.00016
0.00043
0.00081
0.00058
-0.00020
-0.00071
-0.00051
0.00007
0.00066
0.00076
0.00013
-0.00057
-0.00083
-0.00058
0.00002
0.00051
0.00050
0.00003
-0.00027
-0.00022
0.00007
0.00044
0.00027
-0.00022
-0.00049
-0.00048
-0.00004
0.00052
0.00062
0.00022
-0.00022
-0.00043
-0.00017
0.00039
0.00047
0.00001
-0.00056
-0.00092
-0.00060
0.00018
0.00066
0.00061
0.00016
-0.00046
-0.00058
-0.00015
0.00023
0.00026
-0.00007
-0.00050
-0.00051
-0.00003
0.00053
0.00081
0.00056
-0.00018
-0.00076
-0.00065
-0.00003
0.00066
0.00081
0.00025
-0.00043
-0.00074
-0.00053
-0.00005
0.00034
0.00040
0.00004
-0.00028
-0.00024
0.00004
0.00016
-0.00013
-0.00060
-0.00078
-0.00047
0.00007
0.00042
0.00030
-0.00022
-0.00078
-0.00090
-0.00044
0.00021
0.00045
0.00007
-0.00058
-0.00093
-0.00072
-0.00014
0.00034
0.00040
0.00002
-0.00048
-0.00066
-0.00034
0.00009
0.00017
-0.00017
-0.00052
-0.00052
-0.00017
0.00020
0.00027
-0.00002
-0.00052
-0.00083
-0.00062
0.00001
0.00051
0.00048
0.00000
-0.00049
-0.00065
-0.00043
-0.00007
0.00014
0.00012
-0.00008
-0.00026
-0.00024
-0.00010
-0.00013
-0.00043
-0.00072
-0.00064
-0.00015
0.00042
0.00063
0.00031
-0.00030
-0.00077
-0.00074
-0.00016
0.00053
0.00075
0.00034
-0.00035
-0.00085
-0.00090
-0.00056
-0.00013
0.00014
0.00019
0.00006
-0.00008
-0.00013
-0.00015
-0.00028
-0.00044
-0.00046
-0.00025
0.00007
0.00028
0.00021
-0.00013
-0.00051
-0.00064
-0.00042
0.00001
0.00031
0.00024
-0.00007
-0.00032
-0.00034
-0.00016
0.00001
0.00001
-0.00012
-0.00023
-0.00019
-0.00008
-0.00008
-0.00024
-0.00046
-0.00052
-0.00030
0.00006
0.00031
0.00025
-0.00011
-0.00055
-0.00077
-0.00058
-0.00011
0.00031
0.00042
0.00017
-0.00024
-0.00055
-0.00060
-0.00041
-0.00010
0.00019
0.00034
0.00039
0.00030
-0.00003
-0.00053
-0.00095
-0.00099
-0.00061
0.00002
0.00053
0.00064
0.00031
-0.00022
-0.00062
-0.00066
-0.00039
-0.00012
-0.00001
-0.00003
-0.00007
-0.00011
-0.00014
-0.00017
-0.00016
-0.00012
-0.00009
-0.00004
0.00006
0.00012
-0.00007
-0.00048
-0.00077
-0.00066
-0.00017
0.00036
0.00058
0.00031
-0.00026
-0.00071
-0.00073
-0.00034
0.00012
0.00028
0.00012
-0.00010
-0.00015
-0.00013
-0.00019
-0.00037
-0.00054
-0.00051
-0.00022
0.00021
0.00053
0.00044
-0.00010
-0.00070
-0.00087
-0.00047
0.00014
0.00053
0.00044
-0.00007
-0.00065
-0.00086
-0.00056
0.00001
0.00036
0.00023
-0.00017
-0.00044
-0.00038
-0.00016
-0.00005
-0.00011
-0.00021
-0.00011
0.00022
0.00051
0.00043
-0.00012
-0.00087
-0.00128
-0.00102
-0.00022
0.00055
0.00084
0.00056
-0.00002
-0.00051
-0.00059
-0.00030
0.00002
0.00007
-0.00015
-0.00034
-0.00023
0.00008
0.00026
0.00004
-0.00045
-0.00081
-0.00072
-0.00018
0.00041
0.00056
0.00013
-0.00054
-0.00087
-0.00054
0.00022
0.00075
0.00062
-0.00003
-0.00065
-0.00078
-0.00035
0.00025
0.00051
0.00027
-0.00023
-0.00061
-0.00062
-0.00034
-0.00010
-0.00019
-0.00048
-0.00055
-0.00015
0.00052
0.00090
0.00058
-0.00027
-0.00103
-0.00114
-0.00051
0.00039
0.00087
0.00061
-0.00009
-0.00064
-0.00067
-0.00027
0.00013
0.00016
-0.00017
-0.00048
-0.00047
-0.00010
0.00036
0.00049
0.00014
-0.00036
-0.00051
-0.00018
0.00028
0.00035
-0.00017
-0.00090
-0.00124
-0.00087
0.00002
0.00083
0.00096
0.00034
-0.00050
-0.00090
-0.00064
-0.00003
0.00041
0.00038
0.00008
-0.00013
-0.00006
0.00017
0.00029
0.00008
-0.00040
-0.00080
-0.00071
-0.00016
0.00043
0.00057
0.00010
-0.00062
-0.00106
-0.00087
-0.00019
0.00044
0.00054
0.00011
-0.00036
-0.00036
0.00013
0.00059
0.00053
-0.00004
-0.00067
-0.00089
-0.00062
-0.00014
0.00018
0.00021
0.00005
-0.00005
0.00011
0.00042
0.00051
0.00015
-0.00050
-0.00100
-0.00096
-0.00036
0.00041
0.00082
0.00061
-0.00007
-0.00071
-0.00085
-0.00044
0.00006
0.00022
-0.00001
-0.00032
-0.00030
0.00006
0.00036
0.00027
-0.00012
-0.00046
-0.00048
-0.00015
0.00025
0.00035
0.00007
-0.00034
-0.00051
-0.00035
-0.00001
0.00024
0.00024
0.00001
-0.00030
-0.00050
-0.00037
0.00005
0.00044
0.00044
0.00006
-0.00040
-0.00054
-0.00033
-0.00006
0.00000
-0.00013
-0.00024
-0.00015
0.00017
0.00048
0.00043
-0.00006
-0.00063
-0.00082
-0.00053
-0.00005
0.00023
0.00025
0.00017
0.00014
0.00016
0.00013
0.00005
-0.00007
-0.00025
-0.00047
-0.00059
-0.00050
-0.00023
0.00008
0.00030
0.00036
0.00028
0.00011
-0.00007
-0.00019
-0.00031
-0.00046
-0.00050
-0.00023
0.00024
0.00053
0.00040
-0.00003
-0.00045
-0.00055
-0.00035
-0.00008
0.00010
0.00015
0.00013
0.00011
0.00013
0.00009
-0.00007
-0.00023
-0.00025
-0.00012
0.00004
0.00008
-0.00001
-0.00007
-0.00005
-0.00008
-0.00018
-0.00027
-0.00027
-0.00025
-0.00024
-0.00022
-0.00012
0.00010
0.00035
0.00042
0.00026
-0.00004
-0.00027
-0.00033
-0.00025
-0.00015
-0.00014
-0.00012
0.00003
0.00029
0.00047
0.00036
-0.00008
-0.00058
-0.00077
-0.00055
-0.00014
0.00018
0.00025
0.00014
0.00002
0.00001
0.00009
0.00018
0.00022
0.00011
-0.00011
-0.00030
-0.00033
-0.00025
-0.00018
-0.00016
-0.00013
-0.00005
0.00014
0.00036
0.00044
0.00024
-0.00024
-0.00068
-0.00067
-0.00013
0.00052
0.00071
0.00029
-0.00038
-0.00079
-0.00068
-0.00018
0.00030
0.00047
0.00027
-0.00009
-0.00029
-0.00018
0.00003
0.00001
-0.00022
-0.00038
-0.00026
0.00013
0.00059
0.00081
0.00061
0.00007
-0.00049
-0.00066
-0.00035
0.00006
0.00012
-0.00020
-0.00053
-0.00055
-0.00019
0.00034
0.00067
0.00058
0.00013
-0.00037
-0.00053
-0.00026
0.00007
0.00007
-0.00021
-0.00035
-0.00011
0.00036
0.00071
0.00064
0.00008
-0.00068
-0.00112
-0.00087
-0.00003
0.00079
0.00097
0.00041
-0.00034
-0.00068
-0.00045
0.00008
0.00049
0.00049
0.00017
-0.00018
-0.00027
-0.00010
0.00005
-0.00005
-0.00032
-0.00040
-0.00013
0.00027
0.00052
0.00043
-0.00001
-0.00053
-0.00074
-0.00040
0.00028
0.00077
0.00063
-0.00005
-0.00070
-0.00081
-0.00035
0.00030
0.00067
0.00055
0.00010
-0.00027
-0.00033
-0.00016
-0.00004
-0.00016
-0.00036
-0.00034
0.00008
0.00067
0.00099
0.00077
0.00013
-0.00057
-0.00090
-0.00069
-0.00012
0.00036
0.00042
0.00007
-0.00040
-0.00057
-0.00026
0.00027
0.00062
0.00055
0.00018
-0.00017
-0.00025
-0.00010
-0.00000
-0.00007
-0.00022
-0.00021
0.00010
0.00050
0.00057
0.00012
-0.00054
-0.00093
-0.00073
-0.00007
0.00060
0.00082
0.00052
-0.00004
-0.00050
-0.00056
-0.00016
0.00039
0.00067
0.00057
0.00023
-0.00009
-0.00026
-0.00031
-0.00034
-0.00039
-0.00041
-0.00028
0.00009
0.00061
0.00090
0.00065
-0.00002
-0.00059
-0.00066
-0.00026
0.00022
0.00039
0.00020
-0.00010
-0.00028
-0.00023
0.00000
0.00021
0.00023
0.00010
-0.00000
-0.00002
-0.00006
-0.00019
-0.00033
-0.00033
-0.00010
0.00027
0.00064
0.00084
0.00073
0.00026
-0.00039
-0.00081
-0.00074
-0.00028
0.00021
0.00043
0.00028
-0.00009
-0.00039
-0.00040
-0.00016
0.00016
0.00038
0.00043
0.00038
0.00030
0.00011
-0.00020
-0.00045
-0.00041
-0.00008
0.00035
0.00060
0.00050
0.00014
-0.00023
-0.00044
-0.00040
-0.00017
0.00006
0.00012
0.00002
-0.00011
-0.00018
-0.00014
-0.00001
0.00012
0.00022
0.00029
0.00034
0.00036
0.00035
0.00021
-0.00014
-0.00052
-0.00064
-0.00035
0.00021
0.00068
0.00072
0.00031
-0.00021
-0.00047
-0.00036
-0.00006
0.00019
0.00025
0.00018
0.00011
0.00010
0.00010
0.00001
-0.00017
-0.00028
-0.00018
0.00012
0.00039
0.00038
0.00010
-0.00029
-0.00055
-0.00050
-0.00012
0.00036
0.00064
0.00055
0.00016
-0.00020
-0.00022
0.00008
0.00038
0.00040
0.00012
-0.00026
-0.00046
-0.00033
-0.00002
0.00023
0.00025
0.00010
0.00002
0.00018
0.00043
0.00044
0.00008
-0.00042
-0.00071
-0.00056
-0.00005
0.00049
0.00067
0.00042
-0.00003
-0.00033
-0.00030
-0.00001
0.00022
0.00016
-0.00009
-0.00028
-0.00022
0.00009
0.00047
0.00061
0.00036
-0.00007
-0.00029
-0.00008
0.00035
0.00053
0.00018
-0.00045
-0.00081
-0.00059
0.00004
0.00065
0.00081
0.00044
-0.00014
-0.00051
-0.00041
0.00005
0.00047
0.00046
0.00006
-0.00033
-0.00039
-0.00017
0.00012
0.00024
0.00014
-0.00004
-0.00009
0.00010
0.00041
0.00055
0.00029
-0.00027
-0.00064
-0.00046
0.00013
0.00067
0.00078
0.00039
-0.00015
-0.00039
-0.00018
0.00023
0.00045
0.00021
-0.00031
-0.00068
-0.00055
-0.00007
0.00036
0.00048
0.00029
0.00002
-0.00014
-0.00007
0.00014
0.00030
0.00019
-0.00013
-0.00037
-0.00021
0.00029
0.00072
0.00070
0.00026
-0.00029
-0.00059
-0.00046
-0.00001
0.00042
0.00049
0.00018
-0.00021
-0.00034
-0.00014
0.00011
0.00013
-0.00001
-0.00007
0.00003
0.00026
0.00045
0.00039
0.00009
-0.00023
-0.00038
-0.00025
0.00006
0.00027
0.00017
-0.00014
-0.00035
-0.00027
0.00010
0.00057
0.00083
0.00065
0.00011
-0.00046
-0.00068
-0.00041
0.00007
0.00038
0.00037
0.00023
0.00015
0.00015
0.00011
-0.00008
-0.00035
-0.00050
-0.00037
-0.00002
0.00035
0.00054
0.00046
0.00019
-0.00002
-0.00002
0.00014
0.00024
0.00016
-0.00004
-0.00023
-0.00032
-0.00026
-0.00010
0.00008
0.00019
0.00016
0.00006
0.00005
0.00014
0.00019
0.00009
-0.00009
-0.00013
0.00011
0.00047
0.00065
0.00046
-0.00002
-0.00053
-0.00078
-0.00057
-0.00001
0.00047
0.00055
0.00031
0.00004
-0.00012
-0.00017
-0.00020
-0.00020
-0.00010
0.00013
0.00037
0.00055
0.00061
0.00041
-0.00008
-0.00058
-0.00073
-0.00040
0.00015
0.00049
0.00043
0.00013
-0.00014
-0.00020
0.00001
0.00037
0.00057
0.00032
-0.00022
-0.00058
-0.00052
-0.00019
0.00008
0.00014
0.00015
0.00024
0.00041
0.00048
0.00037
0.00004
-0.00044
-0.00082
-0.00074
-0.00009
0.00074
0.00119
0.00101
0.00036
-0.00034
-0.00068
-0.00056
-0.00017
0.00020
0.00026
0.00002
-0.00020
-0.00011
0.00013
0.00018
-0.00007
-0.00035
-0.00037
-0.00004
0.00042
0.00066
0.00050
0.00003
-0.00042
-0.00047
0.00003
0.00071
0.00098
0.00056
-0.00027
-0.00095
-0.00103
-0.00048
0.00033
0.00088
0.00086
0.00035
-0.00023
-0.00047
-0.00031
-0.00010
-0.00015
-0.00034
-0.00032
0.00012
0.00081
0.00123
0.00092
-0.00000
-0.00089
-0.00114
-0.00063
0.00023
0.00083
0.00076
0.00017
-0.00044
-0.00067
-0.00045
0.00004
0.00042
0.00045
0.00020
-0.00006
-0.00010
0.00011
0.00035
0.00035
0.00006
-0.00024
-0.00023
0.00013
0.00048
0.00039
-0.00025
-0.00093
-0.00102
-0.00037
0.00061
0.00126
0.00113
0.00031
-0.00058
-0.00092
-0.00055
0.00016
0.00066
0.00065
0.00031
0.00001
-0.00011
-0.00019
-0.00030
-0.00041
-0.00045
-0.00037
-0.00012
0.00033
0.00078
0.00089
0.00048
-0.00025
-0.00074
-0.00060
0.00005
0.00067
0.00079
0.00032
-0.00037
-0.00075
-0.00046
0.00022
0.00068
0.00057
0.00008
-0.00033
-0.00041
-0.00025
-0.00013
-0.00016
-0.00014
0.00008
0.00042
0.00072
0.00077
0.00041
-0.00027
-0.00091
-0.00113
-0.00075
0.00007
0.00084
0.00115
0.00090
0.00025
-0.00047
-0.00080
-0.00057
-0.00009
0.00022
0.00023
0.00012
0.00016
0.00037
0.00046
0.00023
-0.00018
-0.00043
-0.00034
0.00000
0.00028
0.00024
-0.00010
-0.00043
-0.00044
-0.00009
0.00037
0.00062
0.00053
0.00023
-0.00009
-0.00029
-0.00033
-0.00024
-0.00003
0.00018
0.00027
0.00024
0.00016
0.00008
-0.00006
-0.00024
-0.00039
-0.00034
0.00000
0.00049
0.00078
0.00065
0.00014
-0.00046
-0.00079
-0.00063
-0.00013
0.00033
0.00049
0.00038
0.00015
0.00001
0.00002
0.00001
-0.00009
-0.00018
-0.00010
0.00015
0.00037
0.00034
-0.00000
-0.00040
-0.00053
-0.00032
0.00011
0.00052
0.00062
0.00031
-0.00023
-0.00061
-0.00056
-0.00010
0.00046
0.00074
0.00058
0.00016
-0.00020
-0.00033
-0.00025
-0.00014
-0.00014
-0.00022
-0.00016
0.00016
0.00060
0.00078
0.00049
-0.00014
-0.00070
-0.00082
-0.00047
0.00008
0.00046
0.00046
0.00012
-0.00024
-0.00027
0.00003
0.00033
0.00035
0.00008
-0.00022
-0.00024
0.00005
0.00042
0.00058
0.00042
0.00003
-0.00034
-0.00036
-0.00003
0.00025
0.00011
-0.00035
-0.00071
-0.00059
0.00001
0.00064
0.00084
0.00050
-0.00018
-0.00077
-0.00087
-0.00036
0.00042
0.00088
0.00074
0.00024
-0.00013
-0.00009
0.00022
0.00039
0.00019
-0.00030
-0.00073
-0.00078
-0.00036
0.00026
0.00059
0.00035
-0.00016
-0.00039
-0.00009
0.00049
0.00084
0.00067
0.00008
-0.00049
-0.00068
-0.00039
0.00014
0.00048
0.00032
-0.00017
-0.00051
-0.00041
0.00002
0.00042
0.00047
0.00011
-0.00034
-0.00051
-0.00025
0.00029
0.00071
0.00060
-0.00000
-0.00058
-0.00060
-0.00007
0.00055
0.00071
0.00024
-0.00046
-0.00084
-0.00059
0.00005
0.00063
0.00072
0.00033
-0.00019
-0.00039
-0.00014
0.00028
0.00047
0.00027
-0.00018
-0.00054
-0.00055
-0.00023
0.00015
0.00033
0.00028
0.00014
0.00012
0.00029
0.00047
0.00036
-0.00012
-0.00072
-0.00101
-0.00067
0.00016
0.00089
0.00104
0.00057
-0.00016
-0.00066
-0.00061
-0.00009
0.00039
0.00043
0.00009
-0.00028
-0.00037
-0.00017
0.00004
0.00003
-0.00012
-0.00019
-0.00013
0.00006
0.00033
0.00050
0.00041
0.00010
-0.00023
-0.00030
-0.00005
0.00027
0.00038
0.00021
-0.00004
-0.00022
-0.00026
-0.00014
0.00009
0.00026
0.00021
-0.00002
-0.00019
-0.00016
-0.00007
-0.00008
-0.00019
-0.00021
-0.00003
0.00025
0.00039
0.00030
0.00003
-0.00032
-0.00056
-0.00047
-0.00007
0.00035
0.00050
0.00036
0.00007
-0.00014
-0.00023
-0.00022
-0.00010
0.00019
0.00046
0.00049
0.00028
0.00003
-0.00018
-0.00032
-0.00035
-0.00023
0.00005
0.00037
0.00050
0.00027
-0.00018
-0.00055
-0.00068
-0.00048
-0.00006
0.00034
0.00047
0.00031
0.00006
-0.00005
0.00003
0.00012
0.00007
-0.00006
-0.00008
0.00007
0.00023
0.00020
-0.00007
-0.00050
-0.00079
-0.00066
-0.00006
0.00069
0.00114
0.00104
0.00047
-0.00021
-0.00066
-0.00073
-0.00051
-0.00023
-0.00002
0.00006
0.00008
0.00015
0.00029
0.00036
0.00023
-0.00007
-0.00035
-0.00033
-0.00001
0.00031
0.00028
-0.00011
-0.00052
-0.00059
-0.00018
0.00048
0.00091
0.00080
0.00020
-0.00056
-0.00099
-0.00082
-0.00017
0.00045
0.00065
0.00042
0.00004
-0.00021
-0.00024
-0.00013
-0.00004
-0.00006
-0.00011
-0.00007
0.00017
0.00052
0.00068
0.00032
-0.00047
-0.00109
-0.00102
-0.00026
0.00071
0.00125
0.00100
0.00015
-0.00070
-0.00104
-0.00075
-0.00015
0.00027
0.00026
0.00007
0.00003
0.00021
0.00042
0.00045
0.00021
-0.00018
-0.00043
-0.00035
-0.00000
0.00035
0.00039
-0.00001
-0.00059
-0.00084
-0.00047
0.00029
0.00093
0.00100
0.00041
-0.00047
-0.00108
-0.00105
-0.00044
0.00028
0.00060
0.00044
0.00016
0.00011
0.00027
0.00032
0.00011
-0.00022
-0.00040
-0.00030
0.00004
0.00037
0.00043
0.00012
-0.00038
-0.00078
-0.00076
-0.00028
0.00036
0.00072
0.00062
0.00021
-0.00023
-0.00041
-0.00022
0.00012
0.00030
0.00018
-0.00014
-0.00043
-0.00045
-0.00022
0.00002
0.00011
0.00014
0.00022
0.00039
0.00056
0.00047
0.00003
-0.00057
-0.00098
-0.00094
-0.00044
0.00030
0.00085
0.00092
0.00054
-0.00004
-0.00055
-0.00075
-0.00062
-0.00031
0.00003
0.00028
0.00043
0.00049
0.00047
0.00035
0.00011
-0.00020
-0.00045
-0.00047
-0.00024
0.00003
0.00010
-0.00005
-0.00025
-0.00027
-0.00005
0.00021
0.00034
0.00031
0.00017
-0.00006
-0.00023
-0.00027
-0.00022
-0.00013
-0.00002
0.00009
0.00020
0.00027
0.00020
-0.00003
-0.00026
-0.00030
-0.00015
0.00010
0.00033
0.00040
0.00019
-0.00022
-0.00061
-0.00071
-0.00043
0.00001
0.00033
0.00041
0.00036
0.00033
0.00029
0.00019
-0.00002
-0.00029
-0.00052
-0.00055
-0.00033
0.00001
0.00026
0.00026
0.00008
-0.00002
0.00013
0.00038
0.00045
0.00025
-0.00014
-0.00057
-0.00085
-0.00079
-0.00032
0.00030
0.00070
0.00066
0.00027
-0.00015
-0.00028
-0.00017
-0.00006
-0.00013
-0.00033
-0.00046
-0.00029
0.00020
0.00071
0.00083
0.00041
-0.00027
-0.00070
-0.00059
-0.00012
0.00029
0.00037
0.00018
-0.00005
-0.00015
-0.00006
0.00010
0.00016
-0.00002
-0.00033
-0.00053
-0.00043
-0.00002
0.00046
0.00070
0.00049
0.00001
-0.00041
-0.00049
-0.00024
0.00008
0.00013
-0.00015
-0.00044
-0.00038
0.00010
0.00068
0.00085
0.00036
-0.00050
-0.00104
-0.00091
-0.00026
0.00043
0.00076
0.00062
0.00025
-0.00002
-0.00006
0.00008
0.00021
0.00013
-0.00022
-0.00062
-0.00076
-0.00053
-0.00007
0.00034
0.00050
0.00037
0.00013
-0.00002
0.00002
0.00015
0.00012
-0.00022
-0.00064
-0.00071
-0.00024
0.00046
0.00083
0.00059
-0.00003
-0.00055
-0.00067
-0.00036
0.00011
0.00039
0.00034
0.00003
-0.00022
-0.00018
0.00008
0.00024
0.00012
-0.00014
-0.00030
-0.00026
-0.00003
0.00030
0.00053
0.00046
0.00008
-0.00039
-0.00062
-0.00040
0.00002
0.00020
0.00004
-0.00024
-0.00036
-0.00024
0.00007
0.00038
0.00049
0.00034
0.00003
-0.00028
-0.00040
-0.00033
-0.00025
-0.00020
-0.00004
0.00032
0.00071
0.00081
0.00047
-0.00015
-0.00071
-0.00093
-0.00074
-0.00025
0.00032
0.00070
0.00071
0.00041
0.00001
-0.00024
-0.00033
-0.00036
-0.00035
-0.00028
-0.00018
-0.00007
0.00006
0.00015
0.00013
0.00006
0.00002
0.00009
0.00025
0.00035
0.00021
-0.00011
-0.00040
-0.00047
-0.00029
0.00006
0.00036
0.00042
0.00024
-0.00007
-0.00035
-0.00042
-0.00025
-0.00002
0.00008
0.00005
0.00005
0.00015
0.00027
0.00024
-0.00004
-0.00047
-0.00076
-0.00066
-0.00013
0.00056
0.00102
0.00097
0.00040
-0.00033
-0.00074
-0.00064
-0.00025
0.00007
0.00012
-0.00003
-0.00011
-0.00001
0.00014
0.00017
0.00007
-0.00010
-0.00024
-0.00020
0.00005
0.00032
0.00033
0.00001
-0.00043
-0.00061
-0.00028
0.00035
0.00083
0.00082
0.00027
-0.00052
-0.00108
-0.00098
-0.00026
0.00054
0.00087
0.00055
-0.00005
-0.00042
-0.00035
-0.00006
0.00009
-0.00002
-0.00024
-0.00033
-0.00016
0.00024
0.00060
0.00061
0.00016
-0.00043
-0.00070
-0.00045
0.00014
0.00064
0.00071
0.00033
-0.00025
-0.00067
-0.00069
-0.00028
0.00023
0.00038
0.00006
-0.00035
-0.00047
-0.00019
0.00024
0.00044
0.00025
-0.00012
-0.00030
-0.00012
0.00028
0.00056
0.00039
-0.00020
-0.00074
-0.00074
-0.00015
0.00063
0.00104
0.00078
0.00004
-0.00067
-0.00095
-0.00071
-0.00014
0.00035
0.00044
0.00017
-0.00016
-0.00024
-0.00005
0.00021
0.00026
0.00003
-0.00029
-0.00043
-0.00023
0.00018
0.00043
0.00031
-0.00008
-0.00046
-0.00048
-0.00007
0.00045
0.00066
0.00039
-0.00014
-0.00054
-0.00049
-0.00006
0.00034
0.00041
0.00018
-0.00016
-0.00037
-0.00034
-0.00013
0.00007
0.00015
0.00011
0.00000
-0.00004
0.00007
0.00020
0.00013
-0.00012
-0.00035
-0.00039
-0.00022
0.00008
0.00036
0.00044
0.00026
-0.00010
-0.00041
-0.00046
-0.00022
0.00008
0.00022
0.00020
0.00013
0.00011
0.00008
-0.00000
-0.00011
-0.00018
-0.00018
-0.00008
0.00006
0.00015
0.00009
-0.00008
-0.00025
-0.00023
-0.00000
0.00024
0.00029
0.00014
-0.00007
-0.00023
-0.00027
-0.00017
0.00001
0.00013
0.00012
-0.00002
-0.00018
-0.00016
0.00006
0.00025
0.00023
0.00007
-0.00007
-0.00009
0.00001
0.00010
0.00006
-0.00013
-0.00033
-0.00038
-0.00017
0.00016
0.00039
0.00030
-0.00005
-0.00037
-0.00036
-0.00003
0.00033
0.00044
0.00023
-0.00011
-0.00031
-0.00024
0.00000
0.00020
0.00019
-0.00005
-0.00036
-0.00043
-0.00021
0.00013
0.00032
0.00021
-0.00016
-0.00048
-0.00042
0.00005
0.00063
0.00088
0.00057
-0.00013
-0.00074
-0.00082
-0.00035
0.00025
0.00053
0.00034
-0.00006
-0.00028
-0.00017
0.00010
0.00028
0.00021
-0.00009
-0.00040
-0.00048
-0.00019
0.00031
0.00058
0.00035
-0.00020
-0.00061
-0.00056
-0.00011
0.00037
0.00049
0.00016
-0.00035
-0.00068
-0.00054
0.00007
0.00077
0.00098
0.00049
-0.00028
-0.00071
-0.00054
0.00002
0.00044
0.00042
0.00010
-0.00018
-0.00023
-0.00006
0.00015
0.00015
-0.00020
-0.00066
-0.00081
-0.00042
0.00035
0.00098
0.00101
0.00042
-0.00039
-0.00095
-0.00095
-0.00038
0.00037
0.00078
0.00060
0.00006
-0.00034
-0.00029
0.00004
0.00025
0.00014
-0.00017
-0.00040
-0.00036
-0.00008
0.00022
0.00032
0.00013
-0.00020
-0.00037
-0.00015
0.00031
0.00060
0.00046
-0.00001
-0.00051
-0.00073
-0.00051
0.00001
0.00053
0.00075
0.00051
-0.00007
-0.00056
-0.00061
-0.00031
0.00001
0.00013
0.00003
-0.00009
-0.00006
0.00012
0.00024
0.00017
-0.00007
-0.00033
-0.00039
-0.00015
0.00028
0.00062
0.00062
0.00031
-0.00011
-0.00040
-0.00046
-0.00030
-0.00005
0.00014
0.00018
0.00002
-0.00023
-0.00040
-0.00033
-0.00005
0.00023
0.00034
0.00025
0.00008
-0.00009
-0.00023
-0.00036
-0.00041
-0.00022
0.00022
0.00068
0.00088
0.00072
0.00025
-0.00034
-0.00075
-0.00082
-0.00060
-0.00025
0.00009
0.00038
0.00060
0.00071
0.00053
0.00002
-0.00056
-0.00082
-0.00062
-0.00019
0.00011
0.00018
0.00010
-0.00000
-0.00007
-0.00008
-0.00001
0.00013
0.00024
0.00020
0.00004
-0.00005
-0.00000
0.00010
0.00013
0.00010
-0.00002
-0.00020
-0.00029
-0.00015
0.00015
0.00032
0.00015
-0.00030
-0.00059
-0.00037
0.00023
0.00072
0.00075
0.00028
-0.00039
-0.00085
-0.00080
-0.00029
0.00032
0.00066
0.00056
0.00019
-0.00012
-0.00024
-0.00023
-0.00023
-0.00025
-0.00025
-0.00020
-0.00007
0.00016
0.00045
0.00062
0.00046
0.00002
-0.00041
-0.00051
-0.00021
0.00021
0.00035
0.00005
-0.00042
-0.00066
-0.00042
0.00022
0.00082
0.00091
0.00043
-0.00022
-0.00060
-0.00056
-0.00021
0.00014
0.00021
0.00000
-0.00018
-0.00012
0.00017
0.00047
0.00047
0.00006
-0.00050
-0.00086
-0.00081
-0.00034
0.00034
0.00083
0.00081
0.00032
-0.00027
-0.00054
-0.00033
0.00012
0.00040
0.00031
-0.00000
-0.00026
-0.00026
-0.00001
0.00026
0.00031
0.00004
-0.00038
-0.00058
-0.00035
0.00007
0.00032
0.00028
0.00009
-0.00003
0.00003
0.00023
0.00034
0.00020
-0.00019
-0.00070
-0.00099
-0.00072
0.00006
0.00084
0.00114
0.00085
0.00020
-0.00037
-0.00057
-0.00044
-0.00020
-0.00002
0.00001
-0.00010
-0.00018
-0.00006
0.00021
0.00043
0.00042
0.00022
-0.00001
-0.00015
-0.00016
-0.00011
-0.00005
-0.00001
-0.00000
-0.00001
-0.00002
0.00000
0.00004
-0.00000
-0.00014
-0.00029
-0.00032
-0.00022
-0.00006
0.00008
0.00014
0.00015
0.00018
0.00025
0.00028
0.00024
0.00012
-0.00000
-0.00004
0.00005
0.00019
0.00019
-0.00002
-0.00034
-0.00058
-0.00057
-0.00031
-0.00000
0.00020
0.00028
0.00028
0.00025
0.00017
0.00007
-0.00002
-0.00008
-0.00010
-0.00007
-0.00000
0.00006
0.00005
-0.00007
-0.00026
-0.00037
-0.00021
0.00018
0.00055
0.00066
0.00043
-0.00012
-0.00076
-0.00108
-0.00080
-0.00004
0.00077
0.00111
0.00079
0.00014
-0.00031
-0.00035
-0.00019
-0.00010
-0.00016
-0.00029
-0.00029
-0.00006
0.00027
0.00049
0.00044
0.00010
-0.00036
-0.00057
-0.00029
0.00028
0.00068
0.00063
0.00021
-0.00029
-0.00060
-0.00061
-0.00031
0.00013
0.00038
0.00023
-0.00016
-0.00043
-0.00030
0.00010
0.00040
0.00034
0.00006
-0.00012
-0.00003
0.00025
0.00049
0.00039
-0.00011
-0.00072
-0.00096
-0.00058
0.00026
0.00096
0.00096
0.00026
-0.00057
-0.00097
-0.00081
-0.00022
0.00049
0.00094
0.00090
0.00045
-0.00011
-0.00042
-0.00037
-0.00016
-0.00007
-0.00013
-0.00018
-0.00009
0.00011
0.00029
0.00028
0.00002
-0.00036
-0.00059
-0.00038
0.00023
0.00081
0.00090
0.00037
-0.00047
-0.00105
-0.00099
-0.00037
0.00034
0.00072
0.00066
0.00030
-0.00005
-0.00017
-0.00011
-0.00004
-0.00003
-0.00007
-0.00011
-0.00005
0.00012
0.00025
0.00017
-0.00007
-0.00034
-0.00046
-0.00027
0.00017
0.00061
0.00078
0.00054
-0.00002
-0.00061
-0.00086
-0.00062
-0.00011
0.00028
0.00036
0.00026
0.00018
0.00015
0.00003
-0.00019
-0.00040
-0.00041
-0.00018
0.00014
0.00039
0.00043
0.00022
-0.00018
-0.00046
-0.00033
0.00012
0.00052
0.00062
0.00042
0.00006
-0.00026
-0.00045
-0.00048
-0.00032
-0.00003
