0.00401
-0.00784
-0.01756
0.00411
0.00641
-0.01173
-0.00311
0.00053
-0.00517
0.01397
0.00955
-0.01498
0.00660
0.01933
-0.01057
-0.00719
0.00932
-0.00437
0.00088
0.00801
-0.01030
0.00122
0.01704
-0.00558
-0.00764
0.00716
-0.00255
0.00042
0.00545
-0.01074
0.00127
0.01532
-0.01166
-0.01766
0.00060
-0.00247
0.00227
0.00606
-0.01126
0.00072
0.01977
0.00264
0.00089
0.01110
0.00067
0.01086
0.02033
-0.00025
0.01065
0.02968
0.00716
0.00697
0.02115
-0.00407
-0.00891
0.01197
-0.00178
-0.01891
-0.02087
-0.02556
-0.02199
-0.03613
-0.04643
-0.00872
-0.02031
-0.07206
-0.01832
0.02936
-0.03276
-0.01819
0.05566
0.01937
0.00246
0.06826
0.06852
0.05508
0.09187
0.08772
0.07948
0.08363
0.01780
-0.02609
-0.00375
-0.04236
-0.09441
-0.07628
-0.08380
-0.13545
-0.18091
-0.22608
-0.22242
-0.15839
-0.07816
0.05246
0.19387
0.26179
0.29370
0.24651
0.07909
-0.02909
-0.03183
-0.04512
-0.00420
0.09746
0.13054
0.11442
0.03485
-0.13235
-0.17428
-0.01884
0.14965
0.21122
0.05369
-0.21762
-0.20850
0.03157
0.15715
0.19373
0.08064
-0.26138
-0.33839
0.00423
0.16077
-0.04376
-0.21427
-0.17280
-0.08104
-0.13856
-0.11776
0.11348
-0.07209
-0.41293
0.15635
0.56918
-0.27683
-0.40289
0.62298
0.31254
-0.57138
0.14791
0.59854
-0.26770
-0.17840
0.49339
-0.00436
-0.31483
0.23996
0.22633
-0.09433
-0.01998
-0.07366
0.02745
0.34961
-0.02765
-0.43240
0.09791
0.41758
-0.09567
-0.34802
-0.00679
0.25959
0.08156
-0.28730
-0.18109
0.26336
0.12134
-0.29631
-0.08997
0.20017
-0.02094
-0.16088
0.00938
0.05999
-0.04045
-0.08854
-0.02113
0.07183
-0.01130
-0.13053
-0.00259
0.11463
-0.03193
-0.13325
-0.00346
0.11184
0.02377
-0.13739
-0.08163
0.13789
0.10539
-0.14207
-0.13502
0.10385
0.15077
-0.05727
-0.18493
-0.00464
0.20773
0.05285
-0.20995
-0.08585
0.19202
0.12860
-0.14038
-0.16249
0.09617
0.20391
-0.04999
-0.22291
0.00682
0.20768
0.03095
-0.18194
-0.09003
0.13476
0.13332
-0.10796
-0.17599
0.07116
0.18136
-0.03793
-0.17223
-0.01328
0.15016
0.07054
-0.12529
-0.11262
0.10905
0.14380
-0.06954
-0.12460
0.06504
0.15947
0.02427
-0.11431
-0.03672
0.13178
0.08313
-0.10965
-0.08901
0.10086
0.11745
-0.04247
-0.10001
0.02406
0.11482
0.01089
-0.10629
-0.01542
0.12125
0.05764
-0.08693
-0.06998
0.06644
0.09426
-0.02694
-0.08296
0.01798
0.08191
0.00613
-0.05444
-0.00248
0.06541
0.04274
-0.03835
-0.04387
0.04906
0.08305
-0.00833
-0.06790
0.01467
0.09900
0.02277
-0.08307
-0.01370
0.08850
0.01938
-0.06313
-0.01336
0.03113
0.01614
-0.00150
-0.04002
-0.03628
0.04272
0.03424
-0.05803
-0.04377
0.03205
0.02578
-0.02127
-0.04069
-0.01659
0.03138
0.01430
-0.05016
-0.03302
0.02802
0.01369
-0.03764
-0.04126
-0.00003
0.02192
-0.02096
-0.05238
0.00037
0.03520
-0.01425
-0.04263
-0.00757
0.01603
-0.00229
-0.02940
-0.02042
0.01511
0.00959
-0.02370
-0.01586
0.00619
0.00102
-0.00800
-0.01319
-0.00940
0.00544
-0.00796
-0.03006
-0.00851
0.01047
-0.00879
-0.02161
-0.01962
-0.01016
0.00648
-0.01020
-0.03782
-0.01212
0.01272
-0.01361
-0.02714
-0.01067
-0.00316
-0.00251
-0.01225
-0.02325
-0.00078
0.01767
-0.00995
-0.03027
-0.00705
0.01628
0.00051
-0.03201
-0.02045
0.02173
0.00923
-0.03239
-0.01401
0.02224
0.01009
-0.01388
-0.01474
0.00575
0.02527
0.00244
-0.02431
0.00727
0.03250
0.00295
-0.01155
0.00463
0.00855
0.00452
-0.00556
-0.01337
0.00705
0.01934
0.00244
0.00589
0.01964
0.00768
0.00378
0.01101
0.00011
-0.00186
0.01330
0.01410
0.00715
0.00360
-0.00016
0.00561
0.01056
0.00554
0.01186
0.01872
0.00438
-0.00367
0.01138
0.02624
0.02301
0.00355
-0.00363
0.01758
0.02595
0.00621
0.00329
0.01735
0.01173
-0.00026
0.00718
0.01812
0.00870
-0.00518
0.00868
0.02414
0.00453
-0.00296
0.02091
0.01299
-0.00680
0.01514
0.02004
-0.00624
0.00705
0.02570
0.00256
-0.00281
0.01493
0.00943
0.00427
0.00709
-0.00216
0.00396
0.01872
0.00589
-0.00334
0.01160
0.01618
0.00733
0.00291
0.00483
0.01346
0.01311
0.00036
0.00281
0.01195
0.00424
0.00079
0.00824
0.00569
0.00031
0.00105
0.00209
0.00554
0.00408
-0.00312
0.00177
0.00786
-0.00116
-0.00562
0.00082
0.00312
0.00148
-0.00287
-0.00523
0.00253
0.00317
-0.00835
-0.00740
0.00063
-0.00289
-0.00763
-0.00862
-0.00781
-0.00121
-0.00206
-0.01115
-0.00743
-0.00025
-0.00436
-0.00630
-0.00460
-0.00352
0.00177
-0.00101
-0.01006
-0.00404
0.00227
-0.00682
-0.01038
-0.00485
-0.00271
-0.00294
-0.00929
-0.01410
-0.00432
-0.00143
-0.01307
-0.01267
-0.00483
-0.00590
-0.00735
-0.01042
-0.01283
-0.00367
-0.00246
-0.01457
-0.01239
-0.00299
-0.00565
-0.00931
-0.01092
-0.01003
-0.00197
-0.00538
-0.01694
-0.00969
-0.00141
-0.00873
-0.00941
-0.00719
-0.01101
-0.00497
-0.00209
-0.01247
-0.01076
-0.00332
-0.00846
-0.01001
-0.00783
-0.00993
-0.00453
-0.00308
-0.01267
-0.00859
0.00102
-0.00496
-0.00967
-0.00714
-0.00628
-0.00248
-0.00455
-0.01240
-0.00601
0.00033
-0.00813
-0.00953
-0.00435
-0.00554
-0.00359
-0.00404
-0.00890
-0.00173
0.00197
-0.00771
-0.00583
-0.00008
-0.00558
-0.00365
-0.00104
-0.00874
-0.00427
0.00309
-0.00598
-0.00815
-0.00170
-0.00518
-0.00588
-0.00354
-0.00757
-0.00315
0.00240
-0.00475
-0.00501
0.00082
-0.00215
-0.00143
0.00016
-0.00461
0.00162
0.00789
-0.00168
-0.00292
0.00443
0.00097
-0.00016
0.00159
-0.00361
-0.00044
0.00385
-0.00405
-0.00238
0.00508
-0.00096
-0.00169
0.00435
0.00045
0.00175
0.00669
-0.00047
-0.00054
0.00754
0.00367
0.00074
0.00285
-0.00064
0.00362
0.00817
-0.00268
-0.00330
0.00729
0.00152
-0.00391
0.00332
0.00260
0.00047
0.00480
0.00230
0.00069
0.00477
0.00359
0.00390
0.00471
-0.00050
0.00373
0.00981
0.00099
0.00080
0.01106
0.00503
-0.00072
0.00748
0.00735
0.00380
0.00779
0.00539
0.00290
0.00830
0.00662
0.00223
0.00546
0.00709
0.00626
0.00479
0.00124
0.00519
0.00980
0.00215
-0.00031
0.00764
0.00711
0.00320
0.00463
0.00451
0.00645
0.00801
0.00243
0.00335
0.00947
0.00576
0.00347
0.00743
0.00603
0.00593
0.00744
0.00290
0.00515
0.01100
0.00537
0.00317
0.00846
0.00637
0.00645
0.00945
0.00276
0.00240
0.01016
0.00540
0.00075
0.00588
0.00453
0.00295
0.00561
0.00013
-0.00071
0.00669
0.00256
-0.00132
0.00589
0.00527
0.00159
0.00498
0.00281
0.00183
0.00775
0.00388
-0.00061
0.00601
0.00589
0.00133
0.00446
0.00377
0.00195
0.00640
0.00352
-0.00064
0.00553
0.00564
-0.00017
0.00317
0.00555
0.00229
0.00328
0.00350
0.00106
0.00228
0.00271
0.00178
0.00224
0.00021
0.00032
0.00381
0.00113
-0.00182
0.00166
0.00206
-0.00005
0.00032
-0.00079
0.00085
0.00427
-0.00019
-0.00247
0.00326
0.00200
-0.00271
0.00026
0.00166
-0.00026
0.00016
-0.00190
-0.00293
0.00047
-0.00127
-0.00464
-0.00243
-0.00254
-0.00429
-0.00284
-0.00429
-0.00566
-0.00277
-0.00358
-0.00549
-0.00292
-0.00249
-0.00320
-0.00195
-0.00343
-0.00292
0.00075
-0.00170
-0.00377
0.00041
-0.00003
-0.00303
-0.00132
-0.00178
-0.00292
-0.00074
-0.00222
-0.00339
0.00010
-0.00117
-0.00382
-0.00105
-0.00158
-0.00356
-0.00077
-0.00239
-0.00629
-0.00265
-0.00109
-0.00642
-0.00804
-0.00564
-0.00480
-0.00566
-0.00747
-0.00682
-0.00428
-0.00529
-0.00619
-0.00433
-0.00477
-0.00474
-0.00267
-0.00405
-0.00447
-0.00177
-0.00358
-0.00549
-0.00253
-0.00273
-0.00506
-0.00412
-0.00420
-0.00419
-0.00213
-0.00304
-0.00333
-0.00059
-0.00178
-0.00343
-0.00135
-0.00246
-0.00396
-0.00133
-0.00186
-0.00416
-0.00261
-0.00265
-0.00437
-0.00382
-0.00398
-0.00342
-0.00169
-0.00394
-0.00520
-0.00211
-0.00205
-0.00293
-0.00115
-0.00219
-0.00291
-0.00072
-0.00243
-0.00339
0.00037
-0.00103
-0.00492
-0.00274
-0.00131
-0.00265
-0.00224
-0.00339
-0.00372
-0.00024
-0.00089
-0.00396
-0.00237
-0.00167
-0.00282
-0.00135
-0.00130
-0.00195
-0.00008
-0.00107
-0.00234
0.00112
0.00145
-0.00186
-0.00108
0.00031
-0.00009
0.00038
-0.00137
-0.00274
0.00054
0.00086
-0.00253
-0.00174
-0.00028
-0.00146
-0.00082
-0.00036
-0.00157
-0.00080
-0.00022
-0.00093
0.00014
0.00040
-0.00115
-0.00090
-0.00039
-0.00082
0.00002
0.00030
-0.00084
-0.00083
-0.00006
0.00052
0.00025
-0.00144
-0.00102
0.00172
0.00126
-0.00046
0.00091
0.00187
0.00116
0.00117
0.00071
0.00067
0.00204
0.00101
-0.00115
-0.00002
0.00134
-0.00020
-0.00191
-0.00170
-0.00000
0.00064
-0.00117
-0.00179
0.00021
0.00110
0.00051
0.00047
0.00096
0.00168
0.00133
-0.00004
0.00054
0.00157
0.00036
-0.00012
0.00074
0.00114
0.00236
0.00203
-0.00088
-0.00001
0.00312
0.00184
0.00032
0.00137
0.00088
0.00094
0.00217
0.00014
-0.00148
0.00048
0.00079
-0.00103
-0.00149
-0.00060
0.00121
0.00117
-0.00149
-0.00062
0.00272
0.00140
-0.00107
0.00017
0.00153
0.00114
0.00009
-0.00031
0.00121
0.00124
-0.00046
0.00132
0.00236
-0.00050
0.00097
0.00375
0.00004
-0.00054
0.00462
0.00354
-0.00064
0.00081
0.00288
0.00210
0.00010
-0.00162
0.00065
0.00271
-0.00124
-0.00272
0.00117
0.00101
-0.00107
0.00016
0.00018
-0.00018
0.00134
0.00092
0.00059
0.00198
0.00116
0.00070
0.00182
0.00049
0.00046
0.00305
0.00194
-0.00045
-0.00001
0.00042
0.00065
-0.00067
-0.00354
-0.00049
0.00380
-0.00062
-0.00318
0.00204
0.00247
-0.00109
-0.00051
0.00005
0.00045
0.00235
0.00052
-0.00156
-0.00004
-0.00070
-0.00135
0.00112
0.00050
-0.00126
-0.00003
-0.00012
0.00015
0.00170
-0.00083
-0.00198
0.00166
0.00176
0.00017
0.00096
-0.00069
-0.00084
0.00240
0.00104
-0.00029
0.00162
-0.00146
-0.00192
0.00427
0.00117
-0.00474
0.00156
0.00419
-0.00265
-0.00168
0.00255
0.00001
-0.00036
0.00233
0.00192
0.00082
-0.00018
0.00021
0.00256
0.00043
-0.00184
0.00236
0.00234
-0.00213
0.00057
0.00204
-0.00265
-0.00067
0.00380
0.00125
0.00013
0.00161
0.00037
0.00144
0.00264
-0.00077
-0.00073
0.00286
0.00199
0.00016
0.00079
0.00136
0.00238
0.00169
-0.00084
0.00083
0.00315
0.00073
0.00017
0.00262
0.00248
0.00212
0.00221
0.00053
0.00159
0.00431
0.00251
0.00068
0.00284
0.00370
0.00201
0.00109
0.00164
0.00295
0.00281
0.00086
0.00067
0.00219
0.00286
0.00283
0.00163
0.00079
0.00313
0.00430
0.00178
0.00181
0.00435
0.00404
0.00302
0.00358
0.00393
0.00436
0.00392
0.00238
0.00336
0.00486
0.00320
0.00269
0.00428
0.00346
0.00272
0.00434
0.00413
0.00277
0.00362
0.00449
0.00426
0.00458
0.00457
0.00376
0.00374
0.00477
0.00525
0.00394
0.00277
0.00407
0.00523
0.00421
0.00398
0.00458
0.00383
0.00410
0.00573
0.00531
0.00429
0.00494
0.00517
0.00506
0.00566
0.00475
0.00345
0.00537
0.00743
0.00552
0.00337
0.00483
0.00647
0.00504
0.00373
0.00525
0.00645
0.00491
0.00376
0.00527
0.00650
0.00497
0.00335
0.00431
0.00563
0.00485
0.00402
0.00463
0.00489
0.00453
0.00457
0.00441
0.00442
0.00523
0.00517
0.00431
0.00482
0.00589
0.00575
0.00509
0.00454
0.00431
0.00489
0.00511
0.00422
0.00384
0.00449
0.00484
0.00453
0.00418
0.00421
0.00440
0.00426
0.00413
0.00432
0.00454
0.00484
0.00471
0.00391
0.00453
0.00582
0.00400
0.00178
0.00366
0.00514
0.00301
0.00249
0.00410
0.00374
0.00343
0.00441
0.00316
0.00183
0.00388
0.00494
0.00307
0.00322
0.00517
0.00446
0.00260
0.00287
0.00362
0.00299
0.00208
0.00201
0.00275
0.00323
0.00221
0.00117
0.00196
0.00247
0.00086
-0.00019
0.00097
0.00189
0.00132
0.00054
0.00032
0.00079
0.00138
0.00069
-0.00062
-0.00034
0.00109
0.00127
0.00028
-0.00009
0.00014
-0.00008
-0.00013
0.00039
0.00001
-0.00091
-0.00032
0.00038
-0.00086
-0.00160
-0.00066
-0.00079
-0.00156
-0.00074
-0.00013
-0.00109
-0.00173
-0.00141
-0.00068
-0.00031
-0.00184
-0.00332
-0.00163
-0.00019
-0.00241
-0.00426
-0.00344
-0.00278
-0.00283
-0.00343
-0.00500
-0.00483
-0.00320
-0.00454
-0.00643
-0.00471
-0.00392
-0.00620
-0.00624
-0.00404
-0.00387
-0.00508
-0.00603
-0.00625
-0.00475
-0.00369
-0.00532
-0.00659
-0.00567
-0.00496
-0.00511
-0.00538
-0.00594
-0.00616
-0.00576
-0.00537
-0.00551
-0.00658
-0.00692
-0.00546
-0.00582
-0.00802
-0.00702
-0.00534
-0.00747
-0.00833
-0.00619
-0.00681
-0.00853
-0.00728
-0.00633
-0.00695
-0.00722
-0.00778
-0.00787
-0.00727
-0.00824
-0.00863
-0.00725
-0.00815
-0.00945
-0.00788
-0.00835
-0.01106
-0.00982
-0.00731
-0.00857
-0.01003
-0.00867
-0.00712
-0.00799
-0.00999
-0.00909
-0.00665
-0.00821
-0.01065
-0.00863
-0.00678
-0.00841
-0.00953
-0.00920
-0.00841
-0.00781
-0.00965
-0.01094
-0.00832
-0.00755
-0.00985
-0.00917
-0.00817
-0.00993
-0.00941
-0.00818
-0.01010
-0.01017
-0.00804
-0.00903
-0.01052
-0.00948
-0.00889
-0.00951
-0.01042
-0.01075
-0.00910
-0.00841
-0.01084
-0.01166
-0.00957
-0.00873
-0.00941
-0.01021
-0.01047
-0.00908
-0.00823
-0.00960
-0.01013
-0.00948
-0.00893
-0.00766
-0.00846
-0.01112
-0.00878
-0.00499
-0.00813
-0.01139
-0.00803
-0.00574
-0.00836
-0.01028
-0.00918
-0.00724
-0.00751
-0.01017
-0.01067
-0.00851
-0.00811
-0.00896
-0.00909
-0.00886
-0.00723
-0.00642
-0.00917
-0.00982
-0.00666
-0.00691
-0.00939
-0.00842
-0.00721
-0.00767
-0.00751
-0.00831
-0.00882
-0.00625
-0.00548
-0.00829
-0.00854
-0.00587
-0.00490
-0.00612
-0.00775
-0.00744
-0.00486
-0.00437
-0.00663
-0.00696
-0.00531
-0.00459
-0.00517
-0.00688
-0.00715
-0.00421
-0.00354
-0.00690
-0.00699
-0.00358
-0.00384
-0.00662
-0.00649
-0.00437
-0.00341
-0.00439
-0.00574
-0.00516
-0.00359
-0.00362
-0.00462
-0.00466
-0.00333
-0.00198
-0.00317
-0.00520
-0.00323
0.00007
-0.00129
-0.00439
-0.00398
-0.00146
-0.00009
-0.00172
-0.00448
-0.00299
0.00041
-0.00201
-0.00581
-0.00304
0.00017
-0.00209
-0.00364
-0.00136
0.00037
-0.00025
-0.00183
-0.00223
-0.00016
0.00136
0.00003
-0.00126
-0.00095
0.00005
0.00153
0.00112
-0.00175
-0.00128
0.00319
0.00357
-0.00095
-0.00180
0.00249
0.00422
0.00102
-0.00056
0.00246
0.00445
0.00216
0.00010
0.00149
0.00363
0.00310
0.00046
-0.00006
0.00312
0.00496
0.00238
0.00000
0.00176
0.00492
0.00478
0.00137
0.00063
0.00467
0.00625
0.00258
0.00120
0.00462
0.00671
0.00480
0.00225
0.00300
0.00641
0.00667
0.00333
0.00316
0.00617
0.00664
0.00489
0.00379
0.00450
0.00723
0.00807
0.00508
0.00423
0.00715
0.00787
0.00558
0.00449
0.00644
0.00912
0.00758
0.00367
0.00531
0.00924
0.00732
0.00447
0.00586
0.00695
0.00687
0.00716
0.00599
0.00564
0.00767
0.00813
0.00726
0.00720
0.00664
0.00712
0.00863
0.00723
0.00591
0.00805
0.00874
0.00671
0.00623
0.00761
0.00919
0.00866
0.00597
0.00724
0.01127
0.00930
0.00558
0.00800
0.01077
0.00994
0.00899
0.00799
0.00878
0.01190
0.01016
0.00576
0.00812
0.01227
0.01060
0.00787
0.00802
0.00963
0.01096
0.00928
0.00710
0.00917
0.01110
0.00887
0.00719
0.00836
0.00999
0.01009
0.00772
0.00645
0.00908
0.01043
0.00831
0.00696
0.00723
0.00883
0.01059
0.00812
0.00539
0.00891
0.01126
0.00763
0.00655
0.00897
0.00916
0.00903
0.00915
0.00762
0.00812
0.01041
0.00940
0.00719
0.00798
0.01010
0.01032
0.00793
0.00681
0.00992
0.01151
0.00803
0.00626
0.00894
0.01051
0.00904
0.00700
0.00693
0.00929
0.00987
0.00687
0.00587
0.00883
0.01020
0.00763
0.00548
0.00742
0.01012
0.00836
0.00551
0.00742
0.01012
0.00864
0.00615
0.00582
0.00720
0.00877
0.00776
0.00539
0.00629
0.00858
0.00777
0.00581
0.00571
0.00686
0.00737
0.00614
0.00549
0.00742
0.00811
0.00589
0.00516
0.00665
0.00731
0.00675
0.00575
0.00549
0.00697
0.00778
0.00649
0.00537
0.00529
0.00617
0.00750
0.00639
0.00400
0.00527
0.00777
0.00618
0.00342
0.00419
0.00652
0.00604
0.00327
0.00325
0.00619
0.00607
0.00308
0.00300
0.00507
0.00527
0.00381
0.00237
0.00297
0.00531
0.00481
0.00172
0.00170
0.00398
0.00422
0.00285
0.00175
0.00211
0.00406
0.00437
0.00203
0.00116
0.00327
0.00482
0.00298
0.00050
0.00242
0.00531
0.00223
-0.00114
0.00229
0.00502
0.00200
-0.00015
0.00074
0.00189
0.00273
0.00149
-0.00064
0.00050
0.00213
0.00082
0.00004
0.00074
0.00088
0.00110
0.00080
-0.00046
-0.00022
0.00108
0.00106
-0.00019
-0.00145
-0.00042
0.00195
0.00026
-0.00312
-0.00122
0.00198
0.00033
-0.00264
-0.00272
-0.00033
0.00119
-0.00194
-0.00484
-0.00110
0.00205
-0.00150
-0.00403
-0.00177
0.00014
-0.00037
-0.00254
-0.00385
-0.00141
0.00088
-0.00103
-0.00355
-0.00354
-0.00161
-0.00023
-0.00266
-0.00497
-0.00172
0.00016
-0.00405
-0.00537
-0.00124
0.00022
-0.00304
-0.00606
-0.00411
0.00091
-0.00003
-0.00613
-0.00618
-0.00154
-0.00100
-0.00308
-0.00473
-0.00534
-0.00261
-0.00097
-0.00450
-0.00594
-0.00278
-0.00197
-0.00408
-0.00542
-0.00471
-0.00218
-0.00269
-0.00703
-0.00653
-0.00183
-0.00215
-0.00530
-0.00563
-0.00472
-0.00302
-0.00209
-0.00489
-0.00628
-0.00290
-0.00134
-0.00408
-0.00631
-0.00498
-0.00154
-0.00202
-0.00717
-0.00724
-0.00169
-0.00231
-0.00789
-0.00737
-0.00268
-0.00233
-0.00615
-0.00812
-0.00531
-0.00233
-0.00397
-0.00636
-0.00589
-0.00492
-0.00401
-0.00394
-0.00671
-0.00707
-0.00258
-0.00235
-0.00763
-0.00786
-0.00307
-0.00256
-0.00626
-0.00744
-0.00466
-0.00232
-0.00429
-0.00789
-0.00693
-0.00256
-0.00232
-0.00645
-0.00703
-0.00295
-0.00202
-0.00568
-0.00703
-0.00477
-0.00378
-0.00474
-0.00569
-0.00650
-0.00611
-0.00411
-0.00394
-0.00690
-0.00822
-0.00512
-0.00273
-0.00568
-0.00893
-0.00605
-0.00168
-0.00383
-0.00884
-0.00750
-0.00210
-0.00274
-0.00817
-0.00783
-0.00256
-0.00240
-0.00646
-0.00694
-0.00443
-0.00308
-0.00372
-0.00579
-0.00608
-0.00305
-0.00233
-0.00585
-0.00717
-0.00449
-0.00267
-0.00385
-0.00610
-0.00612
-0.00346
-0.00289
-0.00583
-0.00685
-0.00404
-0.00201
-0.00361
-0.00604
-0.00487
-0.00205
-0.00348
-0.00662
-0.00526
-0.00265
-0.00322
-0.00422
-0.00442
-0.00463
-0.00385
-0.00359
-0.00499
-0.00514
-0.00395
-0.00346
-0.00330
-0.00409
-0.00533
-0.00381
-0.00176
-0.00372
-0.00616
-0.00446
-0.00185
-0.00289
-0.00567
-0.00494
-0.00158
-0.00200
-0.00573
-0.00583
-0.00246
-0.00167
-0.00420
-0.00524
-0.00223
0.00018
-0.00285
-0.00595
-0.00332
-0.00072
-0.00263
-0.00436
-0.00365
-0.00227
-0.00121
-0.00241
-0.00459
-0.00338
-0.00091
-0.00164
-0.00357
-0.00340
-0.00132
-0.00007
-0.00204
-0.00405
-0.00230
-0.00048
-0.00177
-0.00337
-0.00322
-0.00139
-0.00023
-0.00266
-0.00410
-0.00073
0.00040
-0.00260
-0.00259
-0.00077
-0.00106
-0.00095
-0.00124
-0.00271
-0.00152
-0.00019
-0.00192
-0.00243
-0.00154
-0.00186
-0.00134
-0.00143
-0.00353
-0.00270
-0.00011
-0.00104
-0.00251
-0.00163
-0.00052
-0.00010
-0.00128
-0.00230
0.00021
0.00161
-0.00108
-0.00153
0.00030
0.00011
0.00037
0.00025
-0.00222
-0.00131
0.00165
-0.00024
-0.00228
-0.00034
0.00040
-0.00051
-0.00103
-0.00170
-0.00021
0.00151
-0.00102
-0.00223
0.00095
0.00128
-0.00134
-0.00123
0.00017
0.00053
0.00045
0.00006
0.00026
0.00054
0.00017
0.00111
0.00143
-0.00055
0.00041
0.00285
0.00037
-0.00134
0.00185
0.00231
0.00009
0.00076
0.00117
0.00030
0.00107
0.00078
-0.00047
0.00095
0.00212
0.00084
-0.00009
-0.00025
0.00069
0.00256
0.00121
-0.00171
0.00004
0.00323
0.00197
-0.00058
-0.00017
0.00152
0.00131
-0.00061
-0.00066
0.00166
0.00202
0.00025
0.00040
0.00194
0.00221
0.00146
0.00060
0.00090
0.00289
0.00360
0.00146
0.00006
0.00173
0.00356
0.00234
-0.00037
-0.00024
0.00249
0.00291
0.00046
0.00006
0.00274
0.00348
0.00059
-0.00046
0.00261
0.00358
0.00018
-0.00063
0.00287
0.00375
0.00087
-0.00003
0.00182
0.00246
0.00134
0.00117
0.00210
0.00182
0.00096
0.00182
0.00264
0.00126
0.00042
0.00192
0.00277
0.00129
0.00016
0.00165
0.00321
0.00158
-0.00033
0.00133
0.00302
0.00136
0.00002
0.00119
0.00232
0.00238
0.00166
0.00065
0.00126
0.00293
0.00251
0.00058
0.00046
0.00214
0.00272
0.00157
0.00111
0.00221
0.00276
0.00198
0.00103
0.00102
0.00245
0.00300
0.00068
-0.00009
0.00271
0.00312
0.00062
0.00076
0.00218
0.00215
0.00222
0.00147
0.00034
0.00191
0.00275
0.00052
0.00043
0.00222
0.00173
0.00130
0.00182
0.00102
0.00085
0.00146
0.00067
0.00056
0.00153
0.00149
0.00184
0.00198
0.00041
0.00093
0.00326
0.00214
-0.00011
0.00109
0.00302
0.00255
0.00080
0.00035
0.00215
0.00287
0.00088
0.00024
0.00164
0.00219
0.00227
0.00140
-0.00027
0.00139
0.00388
0.00102
-0.00221
0.00041
0.00375
0.00267
-0.00029
-0.00062
0.00228
0.00285
-0.00076
-0.00120
0.00246
0.00241
-0.00024
0.00043
0.00214
0.00167
0.00044
0.00017
0.00156
0.00277
0.00153
0.00000
-0.00004
0.00037
0.00141
0.00154
-0.00056
-0.00072
0.00156
0.00146
0.00040
0.00090
0.00039
-0.00007
0.00121
0.00116
0.00055
0.00143
0.00103
0.00023
0.00149
0.00143
0.00011
0.00096
0.00098
-0.00077
0.00034
0.00234
0.00088
-0.00080
0.00025
0.00150
0.00116
-0.00003
-0.00057
0.00035
0.00142
0.00113
-0.00004
-0.00040
0.00089
0.00171
-0.00001
-0.00127
0.00059
0.00204
0.00040
-0.00130
-0.00023
0.00201
0.00159
-0.00176
-0.00242
0.00179
0.00363
-0.00048
-0.00249
0.00171
0.00388
-0.00022
-0.00259
0.00062
0.00245
0.00015
-0.00126
-0.00025
0.00112
0.00147
-0.00045
-0.00208
0.00031
0.00237
-0.00002
-0.00150
0.00036
0.00132
0.00094
0.00028
-0.00116
-0.00066
0.00166
0.00085
-0.00173
-0.00108
0.00103
0.00085
-0.00101
-0.00176
-0.00011
0.00105
-0.00062
-0.00164
-0.00014
0.00067
-0.00003
-0.00093
-0.00142
-0.00010
0.00150
0.00039
-0.00066
0.00044
0.00062
0.00023
0.00057
-0.00050
-0.00091
0.00149
0.00143
-0.00161
-0.00121
0.00159
0.00141
-0.00073
-0.00144
0.00015
0.00181
0.00005
-0.00265
-0.00085
0.00203
0.00021
-0.00237
-0.00081
0.00139
0.00035
-0.00157
-0.00101
0.00083
0.00070
-0.00093
-0.00125
-0.00011
0.00076
0.00044
-0.00104
-0.00173
0.00008
0.00131
-0.00102
-0.00292
-0.00042
0.00223
0.00042
-0.00232
-0.00145
0.00098
0.00106
-0.00100
-0.00192
-0.00006
0.00145
-0.00018
-0.00124
0.00075
0.00114
-0.00094
-0.00063
0.00078
-0.00009
-0.00031
